-0.749817, 0.106223, 0.30449
-0.892473, -0.783961, -0.210731
-0.718459, -0.391272, 0.923296
0.654258, -0.373092, -0.208115
-0.609917, 0.357851, 0.673057
0.714598, 0.812036, 0.906381
-0.686627, -0.525222, -0.290598
-0.065034, 0.781678, 0.953289
-0.218853, 0.328335, -0.826618
0.145602, -0.908051, -0.069187
0.660081, 0.961867, -0.298667
0.456567, -0.516231, -0.940787
0.811998, 0.173437, 0.813069
-0.218607, 0.39209, 0.292701
0.102872, -0.784095, -0.374732
-0.810582, 0.855901, -0.707777
0.307942, 0.257924, 0.934365
0.733725, 0.693933, -0.113188
-0.34706, 0.645681, 0.424328
0.250639, -0.871375, 0.135891
-0.81047, -0.828943, 0.867947
-0.952021, -0.166349, -0.781099
0.049667, 0.041238, 0.846099
0.782131, 0.12243, -0.682993
0.402396, 0.029145, 0.861645
-0.182286, -0.075004, -0.403978
0.248987, 0.025711, -0.41268
0.780596, -0.784369, 0.037804
0.994519, -0.889487, 0.771077
0.922489, 0.123274, -0.134907
-0.10716, 0.061713, 0.431794
0.794551, 0.304506, 0.958665
-0.127537, -0.093271, -0.876614
-0.119153, -0.761807, 0.431147
-0.304666, -0.502499, 0.377389
-0.089265, 0.387196, -0.597768
-0.900999, -0.203993, -0.772897
0.247387, -0.494786, -0.156469
0.860245, 0.3395, -0.942224
0.70006, 0.938234, 0.04373
0.839728, -0.469583, -0.387204
-0.041659, 0.505777, 0.985937
-0.522992, -0.262587, 0.205885
0.751384, -0.970193, 0.091676
0.105606, -0.035518, -0.26257
0.876781, 0.332135, 0.225549
0.383564, 0.67235, -0.236448
-0.213307, 0.828204, -0.830357
0.66589, -0.999523, -0.801599
0.771411, -0.449263, -0.367441
0.600162, 0.064406, 0.533639
0.745409, -0.086857, -0.753113
0.812298, -0.204094, 0.311421
-0.687738, -0.525414, -0.63062
-0.02517, 0.826774, 0.799347
-0.172165, -0.793331, -0.154857
0.278149, 0.164393, 0.600697
0.841448, 0.974038, 0.536839
0.517549, -0.490564, 0.788702
0.538172, 0.275569, 0.231046
-0.297873, 0.739341, -0.907023
0.882306, 0.563304, 0.213796
0.323306, 0.124867, -0.463093
-0.618783, -0.494951, -0.189305
-0.420669, -0.021934, 0.353016
0.826772, -0.091078, -0.746288
-0.585546, -0.275416, -0.583598
-0.622488, 0.81249, 0.732292
0.535244, 0.840044, 0.82162
0.773989, 0.392733, -0.440936
-0.999935, 0.123117, 0.194022
-0.638819, 0.953416, -0.959498
-0.178883, -0.132982, -0.675083
0.452035, -0.803945, -0.62588
-0.209489, 0.637183, -0.624283
-0.465087, -0.498416, -0.545085
0.247795, 0.169242, 0.956229
-0.679353, -0.784584, 0.507012
-0.770164, 0.163037, -0.732596
-0.93485, -0.664259, -0.750077
0.180232, -0.280094, 0.9238
0.384529, 0.961769, 0.858803
-0.905028, -0.290707, -0.916304
-0.162363, -0.853547, 0.554853
0.91243, -0.001523, -0.311174
-0.786081, -0.16107, 0.909926
-0.437287, 0.90778, -0.20389
0.311873, -0.814429, 0.337649
0.186799, 0.741564, -0.391085
0.538241, 0.420841, 0.376036
0.267987, 0.825932, 0.017033
-0.55552, -0.789753, -0.139561
-0.22053, 0.244051, 0.34721
-0.776932, 0.038464, 0.604388
0.749248, -0.439102, 0.27518
0.052607, 0.757545, 0.01184
-0.455681, 0.490491, -0.83812
-0.278459, -0.506913, -0.956163
0.426963, 0.910029, -0.353516
-0.85719, 0.641235, 0.537538
0.994927, -0.581728, -0.395672
0.023588, -0.916705, 0.270445
-0.80894, -0.888471, 0.076604
0.866847, 0.288184, -0.864232
-0.161419, -0.57865, -0.042954
-0.254615, -0.478084, 0.665559
0.110945, -0.263347, -0.737431
0.249729, -0.69795, -0.025865
0.397465, 0.379898, -0.201019
-0.947891, 0.327244, -0.411636
0.655497, -0.650957, 0.518782
0.112967, 0.117781, -0.596491
0.574792, -0.651807, -0.058955
-0.802727, -0.886434, -0.018454
-0.114058, -0.259569, 0.901365
-0.433087, 0.808634, 0.716798
0.607638, 0.344474, 0.161676
0.936145, 0.374909, 0.574365
-0.47969, 0.962678, -0.105765
0.932624, -0.323194, 0.117588
-0.681981, -0.450096, 0.215761
-0.340067, -0.016226, 0.241049
0.347972, -0.479441, -0.036716
-0.95684, 0.236015, -0.884211
0.610334, 0.335674, -0.852827
0.355896, -0.619276, -0.722574
0.454561, -0.254901, 0.551066
-0.113883, 0.339404, 0.845416
-0.567665, -0.971126, -0.567928
0.571895, 0.581367, 0.428386
-0.095749, 0.469261, -0.045142
0.512726, 0.482111, 0.148335
0.486849, -0.56049, 0.809861
0.585038, 0.098357, 0.413987
-0.8816, -0.992886, -0.62166
-0.771438, -0.699041, 0.398982
0.340277, 0.202827, -0.824854
0.952192, -0.636529, -0.4396
-0.711921, 0.780995, 0.717114
-0.052603, -0.491407, 0.34149
0.566012, 0.499636, -0.368416
-0.857796, 0.635064, -0.394388
0.945005, -0.447295, 0.753126
-0.11305, -0.227196, 0.297329
0.022084, -0.699639, -0.127075
0.466323, 0.959786, 0.209107
-0.841953, -0.478727, 0.027425
0.373119, -0.552545, -0.295413
-0.103574, 0.478259, 0.299674
0.485754, 0.216412, 0.577452
-0.979813, -0.574333, 0.227441
-0.493153, 0.786378, -0.772217
0.996352, -0.16676, -0.581106
0.369818, 0.756709, -0.376291
0.840025, 0.730405, -0.642062
-0.722286, -0.384755, 0.110578
-0.824488, -0.87555, 0.23087
-0.501162, 0.492774, 0.062729
0.97418, -0.699696, 0.649449
0.003918, -0.817134, 0.167826
-0.904998, -0.484407, 0.54544
0.174404, -0.713365, -0.244821
-0.992024, -0.205054, 0.953424
-0.560061, 0.790612, -0.87205
0.358458, 0.167431, -0.62397
-0.535652, 0.221042, -0.09812
-0.006091, 0.628105, -0.482047
-0.259316, 0.483756, 0.169847
0.764627, -0.376511, -0.121297
0.06801, 0.683408, -0.651991
-0.897086, 0.328548, 0.976804
-0.391456, -0.661459, 0.08767
0.297774, 0.869483, -0.880941
-0.419015, 0.860466, 0.663281
-0.542928, 0.777708, -0.649984
0.323, -0.846431, -0.674794
0.646819, -0.117647, -0.758916
0.772283, -0.093612, 0.066754
0.329047, -0.628448, -0.740911
0.768219, 0.20597, -0.720087
-0.545107, -0.984113, -0.440848
-0.405379, -0.375886, -0.003815
0.450774, -0.876224, 0.411974
-0.483986, -0.116507, -0.081633
0.460497, 0.598529, 0.316043
-0.110375, -0.787241, 0.878034
0.95344, -0.349517, 0.930088
-0.612139, 0.125319, -0.468774
-0.396999, 0.79861, 0.970721
-0.548933, 0.758648, 0.987363
-0.89964, 0.081547, -0.963893
-0.138244, -0.241749, -0.86922
-0.309319, -0.370542, 0.244669
0.678552, -0.430305, -0.157161
0.029362, -0.945582, 0.677761
0.973372, 0.837258, -0.840298
-0.170398, -0.212766, 0.097875
-0.099843, 0.902173, -0.676189
0.21954, 0.071471, 0.840297
0.750017, -0.995987, -0.83335
0.970809, 0.696191, 0.536819
0.837127, -0.183905, -0.014532
-0.369889, -0.682418, 0.296846
0.602942, -0.246156, 0.898756
-0.469867, 0.962314, 0.376366
0.041457, 0.84273, 0.052717
-0.308261, 0.25031, 0.795675
-0.442225, -0.005198, 0.943198
0.571181, 0.524079, -0.273601
-0.083805, -0.275714, -0.749356
0.673366, 0.339021, 0.779575
0.770499, 0.125056, 0.803273
0.528282, -0.236785, -0.373509
0.531289, 0.586661, 0.606832
-0.617113, -0.52419, -0.412829
0.907755, -0.950031, -0.097652
0.055119, -0.251455, 0.410373
-0.237609, -0.204448, -0.243719
0.846293, -0.536528, -0.345236
-0.444922, 0.477512, 0.481692
0.572823, 0.722445, -0.410229
-0.578404, 0.69736, -0.802244
0.593979, 0.211306, -0.575852
0.076208, 0.630053, 0.237136
-0.994256, 0.413535, -0.712522
0.257832, 0.160675, -0.573009
0.907203, -0.274645, 0.488102
0.693857, -0.097348, 0.075094
-0.707481, -0.162588, 0.126588
-0.308444, -0.399969, -0.274224
0.168009, 0.113644, -0.236389
0.521539, 0.287973, 0.2023
-0.858259, 0.306183, -0.274057
-0.615562, 0.284139, 0.264906
-0.803428, -0.791843, -0.308962
0.631331, 0.727563, -0.632378
-0.320383, -0.642452, 0.064205
-0.989433, -0.353018, 0.224735
-0.697412, -0.316389, -0.103237
0.754472, 0.030233, 0.132394
-0.925824, -0.10431, 0.795391
0.563443, 0.990092, 0.575932
-0.283289, 0.305782, 0.258641
0.266222, -0.628289, -0.396339
0.516366, 0.265464, 0.459141
0.136878, 0.558799, 0.798884
0.613488, 0.577621, 0.7286
-0.64611, -0.829644, -0.830174
0.575382, -0.074534, 0.263008
0.551184, 0.236179, 0.298128
-0.031353, 0.138375, 0.616767
-0.482889, -0.057297, -0.830513
0.000763, 0.858529, 0.10742
-0.5892, 0.910108, 0.21051
0.508359, -0.858074, 0.329323
-0.097162, -0.756841, -0.478236
-0.547505, 0.027786, 0.394579
-0.860445, -0.559148, 0.030157
0.266496, 0.088759, 0.487399
-0.861157, -0.770907, 0.352455
0.045769, 0.076235, 0.683334
0.30412, -0.894915, 0.562955
0.754264, 0.235066, -0.532289
0.719645, -0.310082, 0.211357
-0.028717, 0.963179, 0.511434
0.193907, -0.064433, -0.770892
-0.037356, 0.787244, 0.343071
0.185558, -0.791437, -0.445475
-0.126007, 0.766704, 0.965481
-0.854552, -0.870288, -0.481585
-0.583323, -0.011641, -0.501551
-0.886261, 0.667797, -0.666232
0.337781, 0.906457, 0.014416
0.941346, 0.90708, -0.46118
-0.563051, -0.699596, 0.228123
0.28895, 0.837842, -0.820237
-0.859828, -0.632019, -0.591389
0.860984, 0.734575, 0.971946
-0.207662, 0.629647, -0.031303
0.135458, 0.654754, -0.186885
-0.005945, -0.850292, -0.101016
-0.290472, 0.138265, -0.896554
0.474789, 0.82129, 0.586679
-0.213304, -0.543663, -0.317939
0.902766, 0.719202, -0.538845
-0.117034, -0.645779, -0.057766
0.045861, 0.861597, -0.147346
0.593789, 0.223431, 0.750238
0.329823, -0.386679, -0.556801
0.474091, -0.796698, 0.874257
-0.905375, -0.308597, -0.096629
-0.527661, -0.345444, 0.556618
0.2092, -0.496952, -0.726735
-0.937043, 0.063625, -0.058302
-0.702452, -0.877059, 0.060601
-0.131825, 0.26382, -0.610195
0.689957, 0.407403, 0.45385
0.193991, 0.057463, -0.918453
0.924614, -0.919127, -0.065059
-0.254449, -0.787484, -0.760179
0.729193, -0.846277, 0.139719
-0.941929, 0.719389, -0.685916
-0.502136, 0.786635, -0.409193
0.738112, -0.757739, 0.666611
-0.867595, 0.979739, -0.006547
-0.556395, -0.065479, 0.628015
-0.261378, 0.733996, -0.947924
-0.806497, -0.930186, 0.022913
-0.671102, 0.624696, -0.241574
-0.599931, 0.293769, -0.895353
0.610253, -0.025015, -0.729533
0.090001, -0.032064, 0.452253
-0.363482, 0.195056, -0.844334
0.658397, 0.901345, -0.105238
-0.449695, -0.188763, -0.729082
-0.837684, 0.255126, -0.892193
0.700451, -0.294367, -0.257314
-0.627471, 0.155583, -0.840592
0.67866, 0.038254, -0.659144
0.861701, 0.533036, -0.766879
0.572228, 0.608103, -0.016045
-0.933848, 0.016129, 0.14188
-0.177159, 0.125445, -0.578709
0.662022, -0.310963, -0.361766
-0.245175, 0.827861, 0.772078
-0.147201, 0.669915, -0.127639
-0.724821, 0.538513, 0.475248
-0.186653, 0.000525, -0.264638
-0.726985, 0.77792, 0.190483
0.692665, 0.344423, 0.793155
-0.065078, 0.685592, 0.038543
0.481181, 0.371951, 0.68904
-0.751321, 0.298435, -0.116815
0.601673, -0.951307, 0.975609
0.282996, -0.26851, 0.481977
-0.216555, -0.870614, -0.127033
0.319191, -0.892664, -0.423002
0.783917, -0.900611, 0.058175
0.278733, 0.686324, -0.856065
0.897181, -0.526897, -0.582255
0.787079, -0.172461, -0.192019
0.118564, -0.280967, -0.9092
-0.463591, -0.722153, -0.197754
0.202955, 0.448993, -0.877638
0.102288, -0.609174, -0.453619
0.293689, 0.764082, 0.468077
-0.633126, -0.316248, -0.155328
0.289568, -0.894218, -0.74383
-0.885569, 0.767997, 0.869615
0.43332, 0.701129, -0.960519
-0.477294, 0.798026, -0.95603
-0.119591, 0.843711, 0.155668
0.859577, 0.351228, 0.961885
0.930885, -0.373482, 0.913432
0.029938, 0.892826, 0.747109
-0.227695, 0.07658, 0.262247
0.505056, 0.125028, 0.792679
-0.922526, 0.524497, 0.265472
0.238662, -0.005859, -0.145978
-0.303471, 0.249009, -0.995569
-0.766942, -0.756726, -0.365978
-0.812884, -0.500377, 0.414637
-0.356454, 0.933037, 0.875693
-0.702094, 0.41461, 0.664135
-0.431445, -0.226104, -0.422622
0.881659, 0.95419, -0.775381
0.732486, 0.661324, 0.395305
-0.190472, -0.895664, 0.287749
0.770074, 0.996112, 0.24103
-0.218845, 0.945805, -0.474717
0.066692, -0.274981, 0.720096
-0.792166, 0.848959, -0.423603
0.392794, 0.776534, 0.131722
0.813763, -0.784996, -0.263438
0.264711, 0.147946, 0.122307
0.113703, -0.546836, -0.829351
0.001449, 0.8052, 0.06722
-0.534692, -0.696583, 0.850587
0.900292, -0.189495, 0.453273
0.948483, -0.324433, 0.111744
-0.089586, 0.439984, -0.067012
-0.415622, 0.542104, -0.190053
0.899793, -0.863848, 0.362389
-0.817781, 0.732757, 0.336485
-0.188327, 0.674243, 0.318193
-0.217799, 0.698371, -0.525444
0.212029, -0.518919, -0.922329
-0.134242, 0.527614, -0.234792
-0.590344, 0.981191, -0.42965
0.532581, 0.52459, 0.802095
0.078648, 0.762665, -0.142133
-0.952097, -0.557735, -0.788146
-0.332917, -0.103145, 0.035412
-0.941564, 0.496118, 0.437346
0.464276, -0.119511, -0.143956
0.866659, -0.757769, -0.050863
0.617573, -0.791642, -0.669329
-0.894672, 0.580989, -0.410778
0.987794, -0.520148, 0.112522
0.782684, 0.423867, -0.536303
0.924371, -0.255574, 0.785959
-0.574318, -0.792066, -0.224905
0.749484, 0.839767, -0.411678
0.309165, -0.853636, -0.169837
-0.727159, 0.67924, -0.023829
-0.408186, -0.038235, 0.105121
-0.519012, 0.610816, -0.562978
-0.778979, -0.138979, 0.76935
0.059093, 0.482478, 0.486922
0.078513, -0.968912, -0.311885
-0.311, 0.830783, -0.175455
-0.738473, 0.118261, -0.189359
0.868738, -0.054985, -0.947609
0.358603, 0.878925, -0.751249
-0.651706, 0.182835, 0.276908
-0.04514, 0.743013, 0.327321
-0.293035, 0.15479, 0.492014
-0.192695, -0.385868, 0.411406
-0.137594, -0.348807, -0.052219
0.409396, 0.959203, 0.978947
-0.79639, 0.761523, 0.768991
0.699708, -0.570026, 0.632834
-0.378264, 0.548684, -0.325351
-0.643366, 0.860525, -0.117691
0.932174, -0.187793, -0.593055
-0.743896, -0.766321, -0.015744
-0.678667, -0.773525, -0.270443
-0.338928, 0.781895, 0.286706
-0.293871, -0.470475, -0.940472
0.497877, 0.75788, -0.08618
0.438265, -0.4453, 0.201173
-0.463584, 0.758976, -0.614058
-0.855469, 0.897881, -0.877121
0.900727, 0.808612, -0.009195
0.780924, -0.281376, -0.645495
0.610274, 0.863364, -0.940515
0.755722, 0.389264, 0.887155
-0.871988, -0.077308, -0.378601
0.44669, 0.287627, 0.723806
0.784655, 0.623518, -0.796439
-0.104069, 0.0686, -0.999204
-0.928164, 0.529627, -0.967947
-0.519403, 0.074755, -0.651925
-0.494399, 0.03306, -0.68784
-0.298312, 0.840613, 0.144138
-0.801522, -0.956095, 0.391674
-0.719321, -0.701121, 0.490176
0.140321, -0.843194, -0.41024
-0.585744, -0.485592, -0.400083
-0.620663, -0.451611, 0.656427
-0.184369, 0.680765, 0.874523
-0.707043, -0.342959, 0.144508
0.897319, -0.459166, -0.129103
-0.89831, -0.772202, 0.468179
-0.213959, 0.758362, 0.953708
-0.166529, 0.957884, 0.27196
-0.563231, 0.229618, 0.577054
-0.769285, 0.838089, -0.967638
-0.56722, 0.969462, 0.612404
-0.200216, -0.117844, 0.234527
0.832507, 0.458183, -0.577775
0.092587, -0.014544, 0.395081
0.124789, -0.248749, -0.854375
-0.947422, 0.798442, -0.246355
-0.516392, 0.996628, -0.36982
-0.429849, -0.133321, 0.875393
-0.479284, 0.045686, 0.805575
-0.969877, -0.997893, 0.627914
0.051124, -0.990557, -0.726059
0.387042, -0.751479, -0.563757
0.682106, 0.360734, -0.133272
0.946382, -0.808485, -0.945019
0.819993, 0.391343, -0.664308
0.677517, 0.71754, -0.120134
0.981513, 0.087185, 0.731571
0.078891, 0.083378, 0.718085
-0.971544, -0.642724, 0.946043
-0.747585, -0.457236, -0.193182
0.793228, -0.431571, 0.901236
0.722434, 0.93514, 0.322731
-0.995155, -0.206411, 0.832376
0.273132, 0.637023, -0.696714
-0.265665, -0.064409, -0.865802
0.058794, 0.71568, 0.680948
0.903301, 0.501492, 0.454311
-0.001248, 0.627131, 0.630368
-0.419849, -0.467072, 0.542783
-0.535003, -0.29606, -0.699338
0.214687, -0.307716, -0.449957
-0.485019, -0.487144, 0.691494
0.805076, -0.172653, 0.797852
0.704738, -0.361426, -0.33695
0.243264, 0.655196, 0.236035
0.255281, 0.057437, -0.661441
0.263463, -0.552391, -0.808015
0.223206, 0.972227, 0.266611
-0.693913, 0.30222, -0.603368
0.639839, 0.327355, 0.570211
-0.707515, 0.241884, 0.326749
-0.732205, -0.51835, 0.466845
-0.002524, 0.555138, 0.404659
0.237277, 0.056441, -0.088603
-0.412472, 0.433644, -0.115909
0.740367, -0.086747, -0.684705
-0.827348, -0.5101, -0.515868
0.649041, -0.350231, 0.898593
-0.460518, 0.681377, 0.51977
-0.126341, 0.948193, 0.994473
-0.039901, 0.105713, -0.845563
0.827173, 0.004975, 0.912394
-0.528308, -0.620055, -0.357126
0.758784, -0.371725, -0.508545
-0.661436, 0.899248, 0.155216
-0.842331, 0.41335, -0.01483
-0.968012, 0.26232, 0.665741
0.555563, -0.509977, -0.379294
-0.291084, 0.198325, -0.206525
0.5741, -0.132614, 0.591978
-0.688082, -0.095833, 0.2452
-0.895823, -0.818883, 0.289652
-0.17779, 0.428789, -0.547684
0.481023, -0.200538, 0.621199
0.913352, 0.237771, 0.690449
0.181174, 0.188244, -0.177301
-0.276514, 0.682324, 0.002232
-0.446411, 0.245013, 0.015642
-0.810947, 0.875085, 0.153585
0.824309, 0.434283, 0.736477
-0.47478, -0.621538, -0.374154
0.986455, -0.278592, 0.785465
-0.319222, 0.026934, 0.13483
-0.090062, -0.378466, -0.301846
0.640157, -0.108537, -0.099574
0.662544, -0.598368, -0.387979
0.283353, 0.746497, -0.567249
-0.198346, -0.611616, 0.350687
0.262319, 0.943866, 0.779925
-0.288647, 0.891326, -0.327728
-0.965765, 0.17898, -0.678742
0.30369, -0.449917, 0.216383
0.354728, 0.613891, 0.814109
-0.794894, 0.389153, -0.823674
0.983723, -0.612498, -0.440273
0.082253, -0.096384, 0.154402
-0.680902, -0.38475, 0.710502
-0.753761, -0.985288, -0.967564
-0.037582, -0.80088, -0.72723
-0.357237, 0.542986, 0.983046
-0.325747, 0.26886, 0.911483
-0.12719, 0.872967, 0.267916
0.747112, -0.790023, 0.885818
0.929522, 0.124341, -0.186318
0.224683, 0.524667, -0.775321
-0.201732, -0.737028, -0.887443
0.453795, 0.043397, 0.874539
0.039375, 0.532092, 0.072524
0.491385, 0.591005, 0.367761
-0.926203, -0.594174, 0.587181
0.803499, -0.543584, -0.469193
-0.189908, -0.460679, 0.83231
-0.283457, -0.940248, 0.543548
-0.146826, 0.502772, -0.825974
-0.394732, -0.408253, 0.251187
0.64468, 0.517518, -0.253768
0.105446, -0.314515, -0.530661
0.571323, -0.200333, -0.21148
0.130168, -0.588832, 0.385691
0.518731, -0.255132, 0.23975
0.932711, -0.237584, 0.013459
-0.298948, -0.360619, 0.920556
-0.538771, 0.92066, 0.684717
-0.241836, -0.59061, 0.536336
-0.92423, -0.520588, 0.467292
-0.783271, 0.601308, 0.590238
-0.023241, -0.43425, -0.480713
-0.33665, 0.979506, 0.579898
0.585646, -0.740508, 0.284992
0.284363, 0.639832, 0.233016
0.895695, 0.907886, 0.265112
-0.061159, 0.015596, 0.157655
0.508741, 0.472691, 0.884732
0.544422, -0.56676, 0.745766
-0.74231, -0.818128, 0.416926
0.022236, -0.382403, -0.511167
0.380643, -0.372488, 0.46597
-0.502843, -0.973045, -0.319013
-0.827203, 0.795445, -0.046372
-0.53678, 0.079513, -0.063873
0.174775, 0.110131, 0.915005
-0.311893, 0.900042, 0.788828
0.866751, -0.751151, 0.805515
0.414791, 0.22263, -0.387819
0.480468, 0.575976, -0.509598
-0.636243, -0.028198, -0.506915
0.722935, -0.653228, 0.193881
-0.577627, 0.300686, 0.742172
-0.005124, 0.068285, -0.359448
0.76933, 0.664341, 0.318683
0.894849, 0.980802, 0.916911
0.658575, -0.691049, -0.203581
0.783497, 0.80336, 0.735186
0.318224, 0.2717, 0.357387
-0.669914, -0.748113, 0.512525
0.751591, 0.203085, 0.546778
0.091558, -0.966971, 0.343228
0.773339, 0.678362, 0.367513
-0.49319, -0.282964, -0.754907
0.716671, -0.639537, -0.31997
0.833348, 0.66373, 0.580455
0.908612, -0.079734, 0.917041
0.20018, -0.143431, 0.597981
0.074624, -0.165553, 0.926736
-0.837227, 0.342017, 0.472614
0.477667, -0.975171, -0.752009
-0.766543, -0.827756, 0.176152
-0.418181, -0.857875, 0.297588
0.366357, -0.47915, -0.904884
-0.148876, -0.352407, 0.14985
-0.541159, -0.65527, -0.723473
0.939559, 0.394996, -0.284393
-0.67102, 0.792974, -0.2101
0.621414, 0.69101, -0.229766
0.364918, -0.383023, -0.485996
0.182326, -0.530056, 0.575245
-0.919053, -0.797151, -0.185643
0.251766, -0.091409, 0.349615
0.943962, 0.274924, 0.842474
0.276414, 0.15203, 0.050678
-0.817901, 0.901181, 0.897483
0.914975, 0.32717, -0.372989
-0.515655, 0.414897, -0.588521
-0.727826, 0.132892, -0.883426
0.611304, 0.905981, -0.16023
-0.691034, 0.312195, -0.744283
-0.513695, 0.879588, 0.168428
-0.834338, 0.722354, -0.673576
0.578154, -0.007537, -0.253154
0.573277, 0.317213, 0.956186
0.045483, -0.180679, -0.56984
0.717425, 0.603607, 0.408496
-0.935368, 0.883651, 0.672453
0.693524, -0.789897, 0.411457
-0.115591, 0.240535, 0.611346
-0.619463, -0.697392, -0.322566
-0.411131, 0.233112, -0.858389
-0.246346, -0.828734, 0.058075
0.853027, 0.482209, -0.013118
-0.981133, 0.51228, -0.973726
-0.42095, 0.337616, 0.423862
0.648535, 0.796994, -0.497245
-0.02711, -0.985925, 0.849008
-0.61357, -0.686273, -0.631425
0.710255, 0.838488, -0.016817
-0.438218, -0.877761, -0.971193
-0.509486, -0.201403, 0.982467
0.729402, -0.713035, 0.940985
0.347799, -0.396259, 0.082692
0.662755, 0.53862, -0.807442
0.04343, 0.473468, -0.048435
-0.464192, 0.161953, 0.199084
0.450279, 0.630265, 0.254901
0.494465, 0.865508, 0.429248
-0.701276, 0.924369, -0.944594
0.958936, 0.445306, 0.006396
0.363173, -0.795585, -0.153362
-0.271091, 0.141473, 0.897539
-0.405487, 0.070894, -0.7224
0.341679, 0.462655, 0.328991
-0.511979, -0.144505, 0.566469
-0.024769, -0.877349, 0.715215
0.586158, -0.586614, -0.931159
-0.834005, 0.835013, -0.437358
0.16846, 0.278925, -0.033104
-0.481168, -0.416436, 0.58083
0.160511, 0.521973, 0.936991
-0.358218, -0.830869, 0.737247
-0.378411, 0.129758, 0.962089
0.322236, 0.060504, -0.037596
0.193862, 0.847135, 0.078482
-0.585552, 0.82856, 0.757937
0.346108, 0.757892, -0.75048
0.920449, 0.859412, 0.278506
0.603812, -0.800267, -0.363172
-0.260942, -0.478757, -0.229138
0.492432, 0.087067, 0.048869
0.100415, 0.962553, 0.155352
-0.318415, 0.911764, -0.675847
0.087979, 0.242143, -0.330204
0.345118, 0.143402, 0.967608
0.732931, 0.550374, 0.092941
-0.805583, -0.367029, 0.925342
0.517806, 0.707246, -0.243964
-0.268866, -0.041576, 0.637699
-0.069504, 0.432926, 0.204383
-0.919065, 0.622823, 0.186912
-0.729402, -0.494679, 0.507843
0.239124, -0.88564, 0.427892
-0.46186, 0.57627, 0.896425
0.28488, 0.533348, -0.335227
-0.554961, -0.684419, 0.68883
-0.760395, -0.505734, 0.525943
-0.802539, -0.122556, 0.297878
0.276929, -0.399416, -0.60745
0.607097, -0.25658, 0.024945
-0.82429, -0.72708, 0.31276
-0.394448, 0.780936, 0.181132
0.848626, 0.272537, -0.411555
-0.142883, 0.075835, -0.840369
0.101631, -0.743389, 0.797304
0.018204, -0.485795, 0.754289
0.050509, 0.703953, 0.005452
-0.593134, -0.683469, -0.336519
0.234913, -0.456382, 0.507735
-0.643976, 0.367985, -0.107318
0.534147, -0.182508, 0.689863
0.307978, 0.768171, -0.778289
0.635509, 0.531676, -0.650001
0.042045, 0.761602, 0.55884
0.498261, -0.693923, -0.804235
0.814615, -0.425958, -0.211804
0.312013, 0.870559, -0.322201
0.490502, 0.681936, 0.238725
0.127649, 0.299838, -0.867656
-0.952304, -0.795338, 0.404433
0.349001, -0.121407, 0.85128
0.255316, 0.7834, 0.456411
-0.772019, 0.836296, 0.706075
-0.510061, -0.496903, -0.442884
-0.111441, -0.684746, -0.416145
0.38153, 0.169641, 0.036677
0.972774, -0.224836, -0.835101
0.77307, 0.023995, 0.671024
0.933621, -0.950627, -0.283316
-0.226129, -0.279443, 0.534896
0.003346, -0.263129, 0.779624
0.581338, -0.134071, 0.153927
0.576599, 0.314646, 0.661706
0.471835, -0.329259, -0.433538
0.315689, 0.615123, -0.442337
-0.850432, -0.099803, 0.253088
-0.771372, -0.36007, -0.017509
0.605769, 0.870895, 0.45051
0.554965, 0.294224, 0.851857
-0.714197, 0.211617, 0.418737
-0.144388, 0.972936, -0.958796
0.912786, -0.479956, 0.907034
-0.593962, -0.306991, 0.798129
0.783824, -0.2867, -0.12544
0.320701, 0.125101, -0.675249
-0.461817, -0.860112, -0.229633
-0.576985, -0.349697, -0.34658
-0.565656, 0.828952, -0.833113
-0.55356, 0.281953, 0.564892
0.296792, 0.280431, 0.275414
-0.046761, -0.878038, 0.141978
0.980293, -0.966413, -0.415319
-0.14907, -0.625991, -0.103882
-0.711075, 0.159242, 0.331156
0.469916, -0.108005, -0.845801
0.533976, -0.315795, -0.9967
-0.552834, 0.35339, -0.707055
0.742799, 0.050276, -0.132986
-0.901209, 0.9686, -0.132184
0.515907, -0.662772, -0.421245
0.660156, 0.196587, 0.689883
0.533412, 0.455557, -0.840673
-0.357486, -0.541339, 0.401852
-0.419341, 0.786117, 0.265112
0.716105, 0.255382, 0.189317
-0.487342, 0.404337, -0.016267
0.127999, -0.010966, 0.924809
-0.936656, -0.580981, -0.118407
0.239115, -0.002811, 0.647995
0.587459, -0.796532, 0.486204
-0.768796, 0.397746, -0.815829
-0.03323, -0.831128, -0.03432
-0.30922, 0.899798, -0.12469
-0.665082, 0.818785, -0.268235
0.890543, -0.194106, -0.209096
0.15807, -0.362613, -0.634371
0.492587, 0.14807, -0.584114
-0.403399, -0.449076, 0.445769
0.386248, -0.916847, -0.132366
-0.788877, -0.300243, -0.91516
-0.800884, -0.521367, 0.377727
0.676775, -0.091149, -0.504628
0.620632, 0.15926, 0.634912
0.173889, -0.934576, 0.32443
0.844808, -0.145986, 0.76394
0.310541, -0.048498, -0.252224
0.664511, -0.593302, 0.478592
0.22185, 0.576904, -0.104649
0.889722, -0.694145, 0.752232
-0.537545, -0.24832, 0.015539
0.006231, 0.556632, -0.29824
-0.301369, -0.711071, -0.596287
0.619679, 0.431386, -0.226947
-0.927413, -0.73263, -0.113016
-0.619394, 0.93272, 0.693365
0.473497, 0.390791, -0.720634
-0.635015, 0.128962, -0.792157
-0.762195, 0.234633, 0.908826
-0.435775, 0.557828, -0.523348
-0.111921, -0.254023, 0.808603
-0.007046, 0.543883, 0.460992
0.444655, -0.332504, 0.243191
-0.160125, 0.242869, -0.211583
-0.342725, 0.445228, -0.272343
-0.625038, -0.818464, 0.045645
0.369124, 0.493478, -0.477764
0.867056, 0.732771, 0.49479
0.993689, 0.769139, -0.120613
-0.3246, 0.478459, -0.550613
-0.033652, -0.042077, 0.466023
-0.274134, 0.118817, 0.272755
0.682245, -0.478278, 0.226696
0.773527, -0.65746, -0.973079
0.913894, -0.701958, -0.048277
0.987295, -0.453766, 0.650162
-0.16737, 0.452332, 0.413722
0.234251, -0.968725, 0.372583
0.896162, -0.415929, 0.337444
0.514038, -0.645757, -0.36674
-0.019638, 0.604044, -0.75468
0.528629, 0.335631, 0.411541
0.862875, -0.605093, 0.2026
-0.174257, 0.152723, -0.680315
-0.50624, 0.602288, -0.586953
-0.444545, 0.570365, -0.972681
-0.241165, -0.541773, -0.43543
-0.268865, 0.347462, -0.477628
-0.589215, -0.254419, -0.53415
0.987452, 0.867228, -0.684754
0.190766, -0.929739, 0.816241
0.169487, -0.306243, -0.794543
0.87493, -0.725761, -0.097516
0.641803, 0.267307, -0.470536
-0.310667, -0.698589, -0.412027
0.24379, -0.360166, 0.609946
-0.173669, 0.348151, 0.305627
-0.889858, -0.721102, -0.394123
0.793436, -0.477845, -0.512657
-0.580926, -0.379204, -0.116094
-0.329093, -0.660904, 0.124376
0.847561, -0.37324, 0.12978
-0.075767, -0.685442, -0.702969
0.311919, 0.189461, -0.79849
-0.614921, 0.708316, -0.748495
0.57117, 0.013137, 0.689075
0.821105, 0.703955, -0.777817
-0.951463, 0.351052, -0.05746
-0.126033, 0.707708, 0.71871
0.642313, 0.288667, 0.034047
0.70515, 0.071338, 0.331106
-0.248407, -0.18397, -0.649147
0.352836, -0.992522, -0.215776
-0.146809, 0.768187, 0.297089
0.35393, -0.032631, -0.038873
0.011285, -0.16302, 0.485981
-0.876624, -0.598746, -0.713704
0.934216, 0.517904, 0.069154
-0.45544, -0.573941, -0.948373
-0.00421, 0.714982, 0.828824
0.107252, -0.203243, 0.206478
-0.900381, -0.70501, 0.584577
0.192596, -0.784964, 0.795476
0.156146, -0.332647, 0.063418
-0.457431, -0.600505, -0.468086
0.477071, 0.259482, 0.39426
0.364442, -0.373238, -0.041694
-0.440119, 0.962119, 0.469937
0.952857, -0.455259, 0.616183
0.213356, 0.751577, -0.88919
0.785035, -0.208502, -0.985227
-0.799862, 0.443377, -0.880467
0.085813, -0.97584, 0.688342
-0.657016, -0.558811, -0.000399
0.345722, 0.500521, -0.347717
-0.440721, 0.172239, 0.153007
-0.385594, 0.14693, -0.047842
0.457865, -0.865298, 0.366425
-0.604626, -0.429704, -0.831106
0.180427, 0.161845, -0.212438
0.806107, 0.81568, -0.196151
0.035048, 0.394687, 0.498547
-0.116648, 0.239019, -0.017777
0.375995, 0.56392, -0.95328
-0.333016, -0.73996, -0.503267
-0.959222, 0.32109, 0.08852
-0.603907, -0.665951, -0.982128
-0.524214, -0.592511, 0.648512
-0.417796, -0.179077, -0.172492
0.263921, -0.09715, 0.16656
-0.958997, 0.449246, 0.240908
0.407128, -0.281069, 0.016684
-0.850764, 0.694744, -0.88562
0.27779, -0.138226, 0.514325
-0.008831, -0.847105, 0.590312
-0.123366, -0.109658, 0.458072
0.280175, -0.006959, -0.407379
-0.023056, -0.774595, -0.708422
-0.23601, -0.951942, 0.525588
0.039349, -0.136213, 0.951772
0.232721, -0.885551, 0.888807
0.74437, -0.789317, 0.525283
-0.224259, 0.530963, -0.058986
0.844136, 0.211006, 0.133999
0.676415, 0.973309, -0.304957
-0.898987, 0.82955, -0.939947
-0.112573, -0.821508, 0.794925
0.053386, -0.009891, 0.16885
-0.42728, -0.724264, -0.395157
-0.640156, -0.553703, -0.341688
0.229706, -0.815721, 0.380609
0.41018, 0.875968, 0.847065
0.644024, 0.194686, -0.904366
-0.313054, -0.100408, 0.220578
-0.213278, -0.974886, -0.401466
0.242428, -0.126482, -0.670576
-0.629266, -0.221242, -0.010605
0.8219, -0.383411, -0.787168
0.172851, 0.055869, -0.045812
-0.642252, -0.796651, -0.643384
0.047308, -0.892692, 0.036281
-0.943193, -0.44345, -0.385231
0.70093, -0.878325, -0.205307
-0.809609, 0.987975, 0.106468
0.993434, -0.40255, -0.002648
0.650271, -0.056878, -0.185981
-0.120273, 0.812381, 0.588097
-0.239776, -0.03498, -0.212905
-0.680607, -0.796838, 0.931856
0.274536, -0.700603, -0.283772
0.098033, -0.415891, 0.564518
0.971562, 0.568966, -0.940633
0.848324, 0.619638, -0.672527
0.869037, -0.403329, -0.406001
0.643215, 0.224302, -0.574953
0.671861, -0.401844, -0.746565
0.86796, 0.786032, -0.690877
0.45412, 0.220673, -0.689925
-0.996422, 0.844563, -0.133207
-0.794422, 0.566579, 0.472293
-0.030566, -0.320074, -0.012391
-0.311797, -0.23159, -0.599194
-0.43477, -0.831752, -0.24359
0.752884, 0.264501, -0.841027
-0.365482, 0.347189, 0.264558
0.876557, 0.909721, -0.490704
-0.870297, -0.454335, -0.222834
-0.260871, 0.82775, -0.81057
-0.315273, -0.868095, -0.64697
-0.742861, 0.272633, 0.874258
0.416066, -0.246993, -0.191214
-0.565893, 0.70964, -0.367822
0.311653, -0.169113, -0.691028
0.787219, 0.945029, -0.602149
-0.836906, 0.67736, 0.304832
0.467772, 0.240198, 0.663767
0.474878, 0.137942, 0.401724
-0.341593, -0.838281, 0.755603
-0.122133, 0.579913, 0.862955
0.173135, 0.611851, 0.418099
0.059119, -0.614485, 0.023136
-0.478317, 0.54272, -0.267619
0.545341, -0.736933, -0.008004
0.713608, -0.427509, -0.221605
0.187624, -0.774831, 0.440396
-0.286128, -0.963819, 0.65044
-0.390554, 0.901851, 0.684846
-0.46464, -0.762807, -0.197477
-0.183414, 0.090319, -0.885761
-0.536261, 0.864854, -0.140106
0.968057, -0.033497, -0.371774
0.03855, -0.252349, -0.612579
-0.097492, 0.981445, 0.105615
-0.177598, -0.046718, -0.737876
0.10017, 0.31666, -0.733246
-0.923207, -0.08874, 0.278096
0.201912, -0.747931, 0.427421
0.544984, 0.932709, 0.871051
-0.561767, 0.10671, 0.596069
-0.393711, -0.72733, 0.959331
-0.910425, -0.326103, 0.399751
0.181101, 0.835751, -0.668407
0.978384, -0.746249, -0.566853
0.760508, 0.531139, -0.684248
-0.951068, -0.384042, 0.831087
-0.178142, 0.088174, -0.301967
-0.622995, -0.992951, 0.186073
0.199571, 0.016633, 0.714374
0.282573, 0.161804, -0.77436
-0.617041, 0.880352, 0.530326
-0.794738, 0.211712, 0.583088
0.477464, -0.980342, 0.037519
0.035336, -0.809, -0.058932
0.462904, -0.777685, -0.799426
0.118703, -0.286433, -0.856623
-0.686877, 0.318922, -0.22698
0.046551, -0.320862, -0.394377
0.620849, 0.852465, -0.792018
-0.372496, 0.999227, -0.991339
0.706152, -0.20226, 0.940933
0.119314, -0.602862, -0.382868
0.407696, -0.846969, -0.875877
0.922321, 0.522926, 0.940781
-0.051223, -0.891305, -0.630056
-0.713561, -0.107386, 0.204151
0.413543, 0.951246, 0.903513
-0.046021, 0.711499, 0.775142
-0.4171, -0.408239, 0.692166
0.605935, -0.985685, -0.18067
-0.686137, 0.340804, -0.100406
0.241609, -0.602786, -0.570499
-0.746932, -0.079026, 0.093956
0.013704, 0.920368, 0.076345
0.303807, -0.694769, -0.879536
-0.574447, -0.022335, -0.608217
-0.522608, -0.812255, 0.984617
-0.025311, 0.735629, -0.571394
-0.585589, -0.851356, -0.869944
-0.418203, -0.091131, -0.628387
0.716081, -0.455934, 0.421281
-0.892688, -0.208347, -0.900938
-0.85418, 0.479595, 0.979998
-0.729604, -0.345286, 0.852571
0.656537, 0.435704, 0.944564
-0.334899, -0.286026, -0.941295
-0.152113, 0.662257, 0.454579
-0.075826, -0.663675, -0.609232
0.515819, 0.673174, 0.539794
0.826124, -0.784231, 0.670665
-0.133058, 0.732578, 0.404325
0.547411, -0.669206, -0.796942
0.263476, -0.217339, -0.047183
0.911066, -0.640577, -0.972134
-0.814861, 0.762773, -0.092094
-0.841201, 0.665474, -0.071343
-0.063342, -0.524825, 0.267243
0.534539, 0.428455, -0.768517
0.710181, 0.508278, -0.225812
-0.652674, -0.36849, -0.800031
0.97754, 0.280743, 0.408679
-0.837388, -0.568385, 0.293087
-0.817682, 0.235207, 0.310856
0.565639, -0.594064, -0.867028
0.475564, -0.623955, 0.27776
0.888049, -0.146148, 0.381793
-0.470148, -0.464189, -0.125159
0.063548, -0.312988, -0.065862
-0.891411, 0.820629, 0.025973
-0.37733, -0.760139, 0.790622
-0.695894, -0.154146, -0.324832
-0.582622, 0.666235, -0.278372
-0.843691, -0.768373, 0.461203
-0.397117, 0.977472, 0.643847
0.80919, -0.261954, 0.319953
0.307933, -0.854894, -0.183754
0.864135, -0.918749, -0.454816
0.918199, -0.767228, 0.329385
0.326404, 0.874096, -0.756195
0.890879, -0.449216, -0.928595
0.365035, -0.939247, 0.415765
0.497155, 0.702144, 0.887048
-0.681276, 0.170476, -0.331313
0.956028, 0.442112, -0.756002
-0.46238, -0.894076, -0.648611
-0.464079, 0.34321, 0.284981
-0.976269, -0.53946, 0.107514
0.839277, -0.616617, -0.071743
0.217363, 0.458242, -0.767583
0.847314, -0.378137, 0.687888
-0.876323, 0.464378, 0.083195
-0.232868, -0.134761, 0.732614
-0.536284, 0.173104, -0.615194
-0.756643, -0.296226, -0.522688
0.230463, -0.771372, -0.129965
0.414585, -0.396095, -0.083922
0.817411, 0.818263, -0.307989
0.249181, -0.380989, -0.513643
-0.965627, 0.281363, 0.844229
-0.896799, 0.365388, 0.095842
0.027514, 0.059462, 0.001706
0.827393, -0.943022, 0.693603
0.656429, 0.628769, -0.942197
0.429153, -0.784557, -0.681077
0.358029, -0.153528, 0.620866
0.501039, 0.762108, -0.667235
0.440065, 0.326122, 0.972026
0.890775, -0.441507, -0.935083
-0.36085, -0.552556, 0.482652
-0.61155, 0.352955, 0.890305
0.792113, 0.822789, 0.74145
-0.91232, -0.661449, 0.701452
0.704774, -0.739819, 0.017681
-0.025137, -0.336365, -0.41503
-0.937923, -0.874296, 0.583053
0.259681, 0.1338, 0.334931
-0.753942, -0.974397, 0.122863
0.836839, 0.552041, -0.757361
-0.831538, 0.551139, 0.047149
-0.289481, -0.946022, 0.490553
-0.321913, -0.522904, -0.228883
-0.385673, -0.270861, -0.648257
-0.684418, 0.7311, -0.381329
-0.893844, -0.458056, -0.339227
-0.07961, 0.595553, 0.478961
-0.237328, -0.198757, -0.787293
0.871882, 0.320605, 0.320782
0.796458, -0.157157, -0.361219
0.619496, -0.321918, 0.199682
-0.578817, 0.127906, -0.690344
-0.120392, -0.162623, 0.40324
-0.49958, 0.423493, -0.426135
0.340964, -0.884393, -0.763276
-0.964251, 0.528508, 0.997509
-0.772924, -0.612484, -0.408327
0.291079, -0.56995, 0.52071
-0.829252, -0.616826, 0.149559
-0.115683, -0.364841, -0.335051
-0.063581, -0.214461, 0.359038
0.708023, 0.573841, -0.485758
0.705448, 0.460514, 0.130419
0.9466, -0.594866, -0.131671
0.020128, 0.179898, -0.84152
0.602111, 0.184223, -0.46761
-0.28759, 0.970645, 0.185631
-0.918027, 0.118912, 0.775514
-0.950574, -0.798181, 0.204803
-0.144952, -0.866168, 0.747458
0.370457, -0.237656, -0.764179
-0.181387, -0.198744, -0.391298
0.253744, 0.713441, 0.336486
-0.456395, 0.655004, 0.97228
-0.826444, 0.313364, -0.8082
-0.096367, 0.204646, 0.672795
-0.884852, -0.017059, -0.77386
0.507765, 0.725843, -0.1762
0.192762, -0.360728, -0.101294
-0.755838, -0.839492, -0.390484
0.202639, -0.12372, -0.897759
0.506298, 0.768372, 0.338137
-0.712298, -0.614826, -0.267709
0.936526, 0.093681, -0.815843
-0.038366, -0.51894, 0.879148
-0.107051, -0.274988, 0.580621
0.405936, 0.532795, -0.830381
0.887553, 0.752274, -0.943629
-0.757853, 0.836828, 0.006706
-0.693709, -0.294513, 0.229371
-0.1897, -0.071309, -0.601924
0.261311, -0.825957, -0.879778
0.072998, -0.435445, -0.978712
0.88964, 0.323998, -0.69818
0.807131, -0.374944, -0.388699
0.612146, -0.645831, 0.426941
0.051357, -0.293098, 0.400026
-0.551574, -0.002782, -0.558171
-0.283987, 0.828386, 0.114061
-0.146007, -0.013457, 0.790661
0.951137, 0.910087, 0.744677
0.758043, 0.7937, -0.69329
0.328403, 0.530529, 0.746447
0.534664, 0.911682, 0.516305
0.494044, 0.787744, 0.880096
-0.798172, -0.065792, -0.18468
0.310726, 0.83612, 0.469964
-0.971358, 0.311016, 0.058548
-0.502842, 0.276296, 0.726828
0.067341, -0.080958, -0.181773
0.856184, -0.480877, -0.58312
0.380109, -0.530996, 0.35245
-0.674232, 0.259069, -0.596879
0.881793, 0.538371, 0.447113
0.436129, -0.919925, 0.809041
-0.666774, 0.788437, 0.154003
-0.504571, -0.441875, -0.495752
-0.965633, -0.479238, 0.415327
0.437423, 0.047678, 0.756776
0.955716, 0.493967, 0.631566
0.877021, -0.371811, 0.145406
-0.748643, -0.600072, 0.450176
0.192053, -0.936284, 0.60566
0.007059, -0.954188, -0.682984
-0.790138, -0.096558, 0.1242
0.433869, -0.455418, 0.152745
0.619266, -0.104773, 0.567717
-0.760397, -0.292892, 0.454442
0.743573, 0.071633, -0.382166
0.466058, 0.468566, 0.865831
-0.319372, 0.267503, -0.749177
-0.927809, -0.025019, -0.699973
0.237477, 0.663601, 0.54981
0.731227, 0.518426, 0.153963
-0.771894, 0.465359, 0.779682
0.586075, 0.309742, -0.983542
0.077033, -0.547922, 0.670698
-0.340146, 0.934301, 0.04193
-0.266075, 0.953671, 0.631117
0.011113, 0.161139, 0.642912
-0.429364, 0.655488, -0.969293
-0.760907, -0.393246, 0.762772
-0.854106, 0.973954, 0.389305
-0.766955, -0.523872, -0.163279
-0.4899, -0.62545, 0.960011
0.493285, 0.246225, -0.07478
-0.950776, 0.487515, 0.227242
-0.002271, -0.631951, -0.883209
0.811741, 0.482405, -0.412065
-0.932779, -0.98639, 0.300635
-0.236374, 0.097331, 0.332898
-0.17944, 0.498364, 0.47285
0.698757, 0.185947, 0.157728
-0.841157, 0.249997, 0.22152
-0.325337, 0.445645, -0.775798
-0.651771, 0.819296, -0.426415
0.610002, 0.621984, 0.275233
0.073918, -0.696586, -0.157792
0.248976, -0.844723, 0.33719
0.833178, -0.818576, -0.887793
0.765065, -0.581399, 0.689624
0.846184, -0.653256, -0.041669
-0.648687, -0.31948, 0.008427
-0.828043, 0.180497, 0.681475
-0.477413, 0.828671, 0.046368
0.620178, -0.967831, -0.335693
0.674915, 0.325033, -0.031527
0.745084, 0.210662, -0.146135
0.904392, 0.43566, 0.02551
0.993026, 0.82849, 0.946071
0.981773, -0.737788, -0.966574
-0.770604, 0.326635, -0.706134
0.346124, -0.250872, -0.523955
0.988072, 0.039293, 0.418978
0.443005, -0.660258, -0.144666
0.367297, -0.548888, 0.629426
0.455168, 0.308945, -0.468052
-0.122288, -0.699165, 0.966054
0.295266, 0.09976, -0.607831
-0.47474, -0.210544, 0.915415
0.398002, -0.528098, 0.555504
0.188464, 0.208583, -0.780965
-0.457581, 0.395439, -0.073701
-0.744029, 0.952514, 0.005683
-0.711502, -0.921377, 0.37528
-0.612977, 0.411507, 0.30984
0.519751, 0.122388, -0.044871
-0.517759, -0.692344, -0.224244
0.976223, 0.792356, 0.062183
-0.07671, -0.268149, 0.786359
-0.388902, -0.315929, -0.339637
-0.770838, 0.011795, -0.549729
0.677246, -0.018192, -0.430528
0.651151, -0.022256, 0.111178
0.733529, 0.139503, 0.561432
-0.553431, 0.400948, 0.978421
-0.404079, -0.927108, -0.103017
-0.277732, -0.021711, 0.107995
-0.181194, -0.122174, 0.796151
-0.043008, -0.660299, -0.499808
0.557385, 0.116615, -0.813493
-0.729589, -0.980953, 0.449831
-0.747649, 0.062323, -0.121435
0.765869, 0.358679, 0.939285
0.42679, -0.068821, 0.931604
-0.927821, 0.564054, -0.83417
0.251746, 0.161844, 0.403887
0.900178, -0.541706, 0.645186
0.277913, -0.210419, -0.41119
0.257709, 0.415172, -0.442992
-0.907341, 0.96644, -0.087106
-0.407514, 0.181318, 0.254611
0.638671, 0.270116, -0.109193
0.501866, 0.48224, -0.060078
0.946056, -0.682619, 0.93172
-0.279983, -0.121094, -0.713665
-0.691276, -0.990106, 0.385725
-0.355895, -0.974804, -0.798629
0.650052, 0.659428, -0.555533
-0.228914, 0.37218, -0.366319
0.25214, 0.939655, 0.551993
-0.611751, -0.978655, 0.28957
-0.164336, 0.719039, -0.440624
-0.353551, -0.556739, 0.543883
0.136289, 0.083169, -0.38392
-0.929056, 0.822625, -0.863412
0.706461, -0.098601, -0.271711
0.556186, -0.002469, 0.963384
-0.59921, -0.090209, 0.037687
0.221311, -0.007755, 0.157606
0.529735, -0.626483, 0.507553
0.653971, 0.711503, 0.095572
-0.383079, -0.805451, -0.24263
-0.181438, -0.35867, 0.604742
0.356741, 0.795461, 0.425326
0.378459, 0.163773, 0.394399
-0.666111, -0.464023, -0.698376
0.149766, 0.048244, -0.513714
0.395195, -0.669022, 0.527041
0.515574, -0.294433, 0.203926
-0.557929, 0.387739, 0.182915
0.053166, -0.659731, 0.687865
-0.31369, 0.729766, 0.40265
-0.676357, -0.642405, 0.36463
0.314887, -0.180533, 0.869129
0.1782, 0.673271, 0.859206
-0.912978, 0.533983, -0.17849
-0.889704, -0.761344, -0.244258
0.27352, -0.687924, 0.133683
0.674952, -0.774943, 0.669123
0.94416, -0.009751, -0.36491
-0.038567, -0.054281, 0.809641
-0.988482, -0.111297, -0.059999
0.857699, 0.261667, 0.763539
0.428249, -0.201749, -0.341133
-0.168778, -0.13103, 0.511764
0.164813, -0.790836, -0.404004
0.693257, -0.297714, 0.06621
-0.846953, 0.85683, 0.438109
0.540945, 0.617566, 0.278763
0.635997, -0.239632, -0.993751
-0.698861, 0.620935, -0.488553
0.339672, 0.225671, -0.362616
-0.445907, 0.732225, 0.774655
0.588664, -0.273356, -0.738327
-0.259432, -0.577086, 0.64325
-0.724061, 0.244724, -0.165459
0.815504, -0.408046, 0.092993
-0.703789, 0.910833, 0.889335
-0.007526, -0.241022, 0.124071
0.345134, -0.836265, -0.906931
-0.775955, 0.086074, -0.544603
-0.828363, -0.623995, 0.916343
0.48933, 0.760253, 0.616633
-0.984851, 0.335903, -0.680049
0.972572, 0.215875, 0.706477
-0.013637, -0.992217, -0.734563
0.642418, -0.123992, -0.007238
-0.723936, 0.128547, -0.740931
-0.789627, 0.51986, 0.420167
0.336382, -0.308052, -0.858312
0.927072, 0.450025, -0.592482
0.924929, 0.238496, 0.861404
-0.596485, -0.149019, -0.331761
0.964611, -0.948499, -0.252918
-0.388768, 0.476645, -0.568668
-0.022453, 0.289066, -0.29321
-0.403772, -0.334255, -0.96738
0.212851, 0.019941, -0.222471
0.092983, 0.916575, -0.609235
0.452612, -0.058461, 0.725086
-0.687296, -0.080218, 0.708428
-0.322484, -0.588186, 0.653259
-0.507225, 0.962838, 0.203469
0.204836, -0.95822, -0.596329
0.689407, 0.12424, 0.771957
0.614828, -0.164625, -0.738205
0.383132, -0.496642, -0.845595
0.799414, 0.401699, -0.654251
-0.369807, -0.918398, 0.174879
-0.111584, -0.808303, 0.57924
-0.070495, 0.37868, -0.114424
0.894701, 0.055086, -0.615692
0.062601, -0.720297, -0.722252
0.490005, -0.109858, -0.291622
0.741617, -0.57159, -0.658274
0.425458, 0.086912, -0.237278
-0.868408, -0.424488, 0.011473
0.802288, -0.44708, 0.674065
0.697842, 0.90914, 0.75686
-0.863294, 0.018445, -0.812269
-0.78347, -0.543329, 0.620734
-0.60581, -0.884065, -0.061547
-0.417709, 0.880426, 0.1616
0.536031, -0.215277, -0.099847
-0.393997, -0.653525, 0.015346
0.5714, -0.450132, -0.649799
-0.691635, 0.739667, 0.698991
0.137282, 0.432619, -0.288938
0.055762, -0.559773, -0.170952
0.675783, 0.29257, 0.528584
0.587945, -0.024923, -0.752746
-0.275931, -0.794896, -0.071446
0.51827, -0.535579, 0.508225
0.253874, 0.820055, -0.418232
-0.893764, 0.939769, 0.350712
-0.315692, -0.545685, -0.310819
-0.092656, -0.273904, 0.640128
-0.567217, -0.143479, 0.021762
0.520084, 0.548497, -0.862714
0.231293, -0.249237, 0.877859
0.10997, -0.429456, 0.176723
-0.111206, 0.990436, 0.557359
0.503384, -0.383555, -0.456308
0.404751, -0.549125, 0.448246
-0.067799, -0.300703, 0.494649
-0.324321, 0.129931, 0.694281
-0.435514, 0.088111, 0.711411
-0.160018, -0.149284, -0.50335
-0.675537, 0.797976, -0.943432
0.228802, -0.559117, 0.426271
-0.40412, -0.539278, -0.533819
0.457071, 0.188676, 0.216784
-0.555628, 0.373479, -0.653149
-0.01381, 0.21045, 0.907337
-0.178829, -0.350955, 0.79074
-0.059094, 0.390474, -0.539184
0.741704, -0.820246, -0.359949
0.270942, -0.643773, 0.819159
0.844393, -0.413108, -0.28333
0.952608, 0.616677, 0.875604
0.038305, -0.980905, -0.522498
0.2613, -0.621246, 0.509772
0.948908, 0.458415, 0.649467
0.378416, -0.23233, 0.642494
-0.823955, 0.064144, -0.384193
0.993234, -0.152966, -0.565004
-0.338762, 0.062332, -0.039845
0.050953, -0.932911, -0.744689
-0.182461, 0.913509, -0.675241
-0.42136, -0.792194, 0.451843
0.241202, 0.562119, 0.801407
-0.529616, 0.571953, 0.790151
-0.780542, 0.80714, -0.983009
0.946159, -0.1131, -0.424048
0.3036, -0.136309, -0.251823
-0.034343, -0.470314, 0.672669
0.625479, 0.785564, -0.159372
0.835198, 0.86052, -0.517355
-0.575956, 0.983822, 0.748534
-0.734179, -0.690914, 0.691281
-0.431877, -0.043643, 0.945593
-0.56146, -0.93363, 0.819919
0.881837, -0.940536, -0.625854
0.200858, -0.962268, -0.83701
-0.626943, 0.752496, 0.019114
-0.688547, 0.18146, -0.86847
0.097398, -0.102892, 0.819199
0.893985, 0.55329, -0.798746
-0.814461, -0.379507, 0.742902
-0.585365, -0.876555, 0.657053
0.95429, -0.693221, -0.831291
-0.871109, -0.26724, 0.22396
0.867432, -0.358436, 0.872965
0.626437, 0.977813, -0.291624
-0.23771, -0.830095, -0.137741
-0.64211, -0.877604, -0.713205
-0.995457, 0.128013, 0.770365
0.552966, 0.159703, 0.50309
0.033538, -0.028712, 0.590079
0.27701, 0.777653, -0.331711
0.941787, 0.962946, 0.082973
0.836649, -0.15252, 0.258317
-0.21158, 0.505549, 0.605479
0.690003, 0.14668, -0.700446
-0.599949, 0.201676, -0.243316
-0.823012, 0.416079, 0.962305
-0.053279, -0.49463, -0.704949
0.599804, -0.287216, -0.560805
-0.944802, -0.842374, 0.24598
-0.918784, -0.696531, -0.592924
-0.940294, -0.194426, 0.805588
0.931498, -0.148089, -0.894886
-0.84948, -0.996992, 0.680341
-0.245973, -0.927805, -0.753645
0.142018, -0.01791, 0.967934
-0.762907, 0.827641, 0.284242
-0.008032, 0.312187, -0.987556
0.466365, 0.837116, -0.346995
-0.334871, -0.907592, -0.729718
0.569588, 0.337697, 0.839703
-0.366101, 0.772005, -0.942356
-0.181076, -0.39035, 0.433843
0.040881, -0.002336, 0.160695
0.799995, -0.204281, -0.471166
0.423124, -0.717546, 0.278913
-0.624348, 0.77482, 0.481681
-0.908708, -0.392917, 0.189007
-0.427426, 0.512506, -0.128188
0.156472, 0.481572, -0.055675
-0.834221, 0.604052, -0.850024
-0.482012, -0.472861, 0.693568
0.086371, 0.851614, 0.107416
0.610098, -0.050838, 0.557329
0.462044, -0.09944, 0.913738
-0.170013, 0.047228, -0.013845
-0.242762, -0.944809, -0.294597
-0.824331, -0.013415, 0.369917
0.671945, -0.679897, 0.278467
-0.739725, -0.300255, -0.530297
0.547252, -0.982862, 0.359621
-0.508351, 0.994429, 0.661906
-0.775791, -0.622353, 0.215255
-0.298228, 0.923832, -0.613277
-0.58153, -0.51977, 0.550798
-0.35486, 0.131078, -0.900201
0.722606, 0.553994, -0.005498
0.565012, -0.166911, -0.441323
0.450356, 0.194176, 0.14786
0.863696, 0.553594, 0.972369
-0.215841, 0.792654, 0.795719
-0.599246, -0.384444, 0.329674
-0.652214, 0.805695, 0.464442
0.193917, 0.382759, 0.246008
0.020422, -0.929402, -0.44028
0.297685, 0.604562, -0.72294
0.120184, -0.343511, -0.839301
-0.603115, -0.507217, -0.494356
0.782855, 0.924118, 0.014738
-0.431349, 0.12822, -0.254549
0.486338, -0.381047, -0.270647
0.499385, 0.799051, -0.234015
-0.671206, 0.128687, 0.781903
0.380428, 0.180904, -0.856646
-0.425536, -0.394358, -0.841806
0.873475, 0.77313, -0.306879
0.619886, 0.929468, 0.441771
-0.931132, -0.65645, 0.223825
-0.793392, 0.088602, -0.933661
-0.909198, -0.431469, 0.605904
-0.622229, 0.25074, -0.03242
-0.711059, 0.822341, 0.880235
0.667189, 0.801264, 0.100382
0.820749, 0.986289, -0.415221
-0.032899, -0.906074, 0.15134
-0.071195, 0.541306, -0.566549
-0.391337, 0.829706, -0.676141
-0.033124, 0.369695, -0.40616
0.918089, 0.892243, 0.334203
0.44914, 0.44099, -0.046456
-0.646779, 0.39154, 0.239664
0.898379, 0.266334, 0.918602
-0.350244, 0.968417, 0.177558
-0.469151, -0.889888, -0.957911
-0.48336, 0.431508, -0.844938
0.781139, -0.137598, -0.643567
0.611533, 0.929833, 0.918024
0.780491, -0.212523, 0.450673
-0.884118, -0.07428, 0.449615
-0.716082, -0.656575, 0.359505
0.587188, -0.018365, 0.597158
-0.197965, 0.750472, 0.475878
0.817114, -0.145048, 0.097613
-0.092096, 0.866176, -0.654205
0.707395, 0.611392, -0.669132
0.951756, 0.522439, 0.812958
-0.95971, -0.178287, 0.742567
0.813807, -0.180322, -0.765663
-0.093959, 0.81294, 0.817359
0.195567, 0.909756, -0.206287
-0.72974, 0.717655, 0.181933
-0.932587, -0.107243, 0.915518
0.467209, 0.850561, -0.798747
-0.217095, -0.523709, -0.512723
-0.420157, 0.620964, -0.990305
-0.825991, 0.707362, 0.769324
-0.59572, -0.291034, 0.898317
-0.736318, -0.64703, 0.245779
-0.903029, 0.850456, 0.722491
-0.824181, 0.198092, 0.878497
0.35706, -0.294865, -0.39619
0.648707, -0.251822, 0.81593
0.995704, 0.957312, -0.495578
-0.124146, 0.659365, -0.737666
-0.292857, 0.149459, -0.120852
-0.36822, 0.928163, -0.428418
0.100315, 0.499726, -0.703139
0.651984, -0.509342, 0.875258
0.038587, -0.26468, -0.112055
-0.408424, -0.297973, 0.475161
0.878491, -0.515959, 0.056818
0.198354, -0.517044, 0.802797
0.236298, -0.520739, -0.012004
-0.076767, 0.056366, -0.275407
-0.250036, -0.060688, -0.515679
-0.032346, -0.995247, 0.985998
0.020126, 0.733479, 0.525705
0.601606, 0.068855, -0.553777
0.403228, 0.362116, -0.241183
-0.144747, -0.271938, 0.8824
-0.503112, 0.02905, 0.868249
-0.157921, -0.394411, -0.572847
-0.392633, -0.646968, -0.619742
-0.936294, 0.849897, -0.868899
0.720386, -0.22547, -0.531149
-0.182932, 0.155615, -0.745755
-0.47581, -0.134295, -0.90743
0.067163, -0.667588, 0.324291
0.744047, 0.675648, -0.27941
-0.04357, -0.504645, 0.204493
0.545535, 0.012599, 0.982732
-0.382863, -0.413058, -0.62688
-0.011501, -0.321649, 0.471806
0.067225, -0.13861, -0.599019
-0.872766, -0.579934, -0.877291
-0.58285, -0.69098, -0.754275
0.383068, 0.157532, -0.013638
0.09857, 0.651451, 0.878504
-0.125049, 0.988666, 0.015736
-0.367164, -0.634655, -0.760626
-0.782627, 0.344313, 0.943429
-0.121517, -0.325915, 0.369386
-0.02924, -0.387171, 0.56563
-0.150013, -0.310912, 0.728285
-0.190474, -0.004988, -0.306195
-0.913352, 0.373061, -0.835488
-0.41143, -0.795643, -0.21873
0.06622, 0.523775, 0.004039
-0.789077, -0.46747, 0.078171
-0.163842, 0.038827, 0.195607
-0.527439, -0.470324, 0.035248
-0.308657, -0.009811, 0.608438
0.395101, -0.18932, -0.364768
0.705275, 0.44166, -0.738242
0.288814, 0.71794, -0.229035
-0.333074, -0.757216, -0.418478
0.866376, -0.850335, -0.647561
0.841237, 0.075243, -0.924815
0.568612, -0.940556, -0.3483
-0.545781, -0.334342, -0.865995
0.569845, -0.002962, 0.418108
0.180856, -0.691244, 0.590773
0.77861, 0.719504, -0.194019
-0.916557, 0.681993, -0.141436
-0.574499, 0.429034, -0.071401
-0.764241, 0.262499, -0.99375
-0.767672, -0.823088, -0.512998
0.495868, 0.16861, -0.514903
-0.408823, -0.351168, 0.030097
0.754793, 0.8211, 0.805664
0.652504, 0.051538, -0.571134
0.476559, -0.569418, 0.72782
0.391497, 0.559398, 0.551644
0.552649, 0.41236, -0.570044
0.167511, -0.762197, 0.89269
-0.995331, 0.116225, -0.820964
0.275233, -0.159653, 0.965124
-0.309332, -0.575882, -0.663038
-0.827939, 0.613309, 0.863829
0.655533, 0.285381, -0.81344
-0.098028, -0.126316, 0.869723
-0.101141, 0.479361, -0.291357
0.25216, -0.934808, -0.08453
-0.764928, -0.391517, 0.242735
0.908609, -0.766329, -0.799951
-0.898475, -0.380836, -0.741021
-0.375175, 0.161758, 0.255805
0.422807, -0.434736, 0.14493
0.368184, 0.911808, 0.296555
-0.326206, 0.437931, 0.778783
-0.404827, -0.864597, 0.720777
0.358909, -0.234804, -0.936441
0.816865, 0.02355, -0.506412
0.237304, -0.450535, 0.539947
0.071855, 0.848286, 0.840141
0.607847, -0.665943, 0.610229
0.078581, -0.468162, -0.908009
-0.022161, 0.921924, 0.069576
0.170357, -0.62641, 0.444914
-0.61532, 0.749115, -0.824664
0.636976, 0.550861, 0.290499
-0.954318, -0.062022, -0.152129
0.693527, 0.659477, -0.959493
0.355748, -0.825697, 0.476669
0.92041, 0.790859, 0.324403
0.625304, 0.565452, 0.896705
-0.179949, -0.097499, 0.40163
0.636651, -0.02197, 0.804667
0.488164, 0.621956, -0.328725
-0.535084, 0.248813, -0.145481
-0.975773, 0.161337, 0.328683
0.03231, 0.164582, -0.675202
-0.214242, -0.479956, 0.645167
0.138775, 0.189614, 0.917011
-0.291159, -0.821976, 0.306957
0.624719, 0.385101, -0.387501
-0.891194, -0.974003, 0.85254
0.123899, -0.50767, 0.284276
-0.888415, -0.851614, 0.333507
0.35937, 0.128476, 0.205311
-0.61161, 0.075364, 0.972285
-0.439114, -0.41771, -0.141269
-0.586171, 0.73647, 0.098638
-0.410113, 0.174679, -0.802783
-0.891597, -0.257062, 0.433078
-0.112244, -0.594014, 0.918802
-0.980024, 0.880182, 0.229365
-0.235282, 0.128419, 0.010512
0.540807, 0.208393, -0.387274
-0.705749, -0.523558, 0.512525
0.182046, 0.72856, -0.452118
-0.343152, 0.467315, -0.109152
-0.460348, -0.226467, 0.622508
-0.65178, -0.670244, 0.064447
0.560466, -0.42017, -0.322663
0.15276, -0.452146, 0.067299
-0.812333, -0.685511, 0.662807
-0.643484, 0.514503, -0.225294
-0.230674, -0.038535, -0.646246
0.235364, -0.443583, 0.015008
-0.921929, -0.929511, -0.562061
-0.897208, -0.304156, -0.692002
0.125352, -0.331295, -0.826053
0.546346, 0.228572, 0.055716
-0.483017, -0.013354, -0.765239
-0.161158, 0.594325, -0.062212
0.711055, 0.47026, 0.037608
-0.420671, -0.734093, 0.264984
0.088166, -0.661053, -0.802278
0.055525, -0.38025, 0.97701
0.74289, -0.658876, 0.650205
0.196718, -0.385082, -0.444752
0.573954, -0.110198, 0.258609
0.692847, -0.324958, 0.772096
-0.419696, 0.108384, 0.99083
-0.328897, -0.577133, -0.882808
0.970368, -0.310165, -0.055579
-0.268063, 0.670609, 0.753011
0.175123, -0.324219, -0.558325
0.597542, 0.200788, -0.55364
-0.957324, 0.719972, 0.369476
-0.040776, -0.532236, -0.164753
-0.892185, -0.758556, 0.1977
-0.379701, 0.315738, -0.739981
0.822002, 0.398487, 0.393374
0.42283, -0.497816, -0.250211
0.852172, -0.457169, 0.621328
0.626396, 0.513122, 0.19197
0.891184, -0.68699, 0.966277
-0.793606, -0.629336, -0.395288
-0.11553, -0.899691, -0.532254
-0.325139, -0.034645, -0.985209
0.08291, 0.096387, 0.974647
-0.440993, -0.65285, 0.679435
-0.113603, -0.955376, -0.85586
-0.431431, -0.236833, -0.258698
0.532478, -0.841789, 0.85581
0.120485, 0.531516, -0.653421
-0.410951, -0.748399, 0.188111
0.502131, 0.44796, -0.9867
-0.447114, 0.234189, -0.346516
-0.976596, 0.478981, -0.44808
0.23883, 0.228005, 0.180247
-0.673822, 0.687863, -0.638033
0.466298, 0.431882, -0.083653
-0.791546, 0.188099, -0.597869
0.880138, 0.351167, -0.089712
-0.387803, 0.040994, -0.414691
-0.248631, 0.795254, -0.484955
0.440152, -0.183773, -0.43805
-0.796084, -0.944443, -0.777986
0.393372, -0.790159, -0.857048
-0.006311, 0.303295, -0.734766
-0.168174, -0.854403, 0.501098
-0.58766, 0.065607, 0.288864
0.296664, -0.758246, 0.107005
0.333046, 0.98176, -0.343703
-0.26438, 0.191186, -0.680995
0.412798, -0.593379, -0.903227
0.515295, 0.543155, 0.137576
0.889094, -0.804371, -0.998818
0.932529, 0.028318, 0.2848
-0.236167, 0.192197, -0.655943
0.479557, 0.747562, 0.477985
0.854537, 0.300111, 0.508391
0.896158, 0.967614, 0.616837
0.566611, -0.628517, 0.530317
0.46149, 0.396301, 0.625124
-0.749545, 0.191691, -0.438266
0.277252, -0.992817, 0.461012
-0.259399, 0.217464, 0.005464
-0.86207, 0.916402, -0.470795
-0.888134, -0.392493, -0.540345
-0.836913, 0.790126, -0.447175
0.633691, -0.011106, 0.22572
-0.49163, -0.277082, 0.538677
0.894733, 0.750984, 0.856694
0.894925, 0.925873, -0.266535
-0.529497, 0.576273, 0.97584
0.965781, 0.659744, -0.693102
0.299086, -0.701973, -0.764679
0.112569, -0.991136, -0.772173
-0.509462, 0.833033, -0.396474
-0.05799, -0.369638, -0.895348
-0.932977, -0.28328, 0.730503
0.923442, 0.625789, 0.346834
-0.358978, 0.016529, -0.413045
0.338868, 0.676619, -0.119873
-0.503231, -0.820682, 0.910324
0.752497, 0.44108, 0.575694
-0.343685, -0.202923, -0.729313
0.537281, 0.174899, -0.268183
0.869281, -0.603449, 0.84638
-0.852732, 0.625974, 0.578233
-0.459063, -0.69177, -0.750853
-0.374673, 0.239691, 0.085884
0.074838, 0.463592, 0.083079
-0.407994, 0.743891, -0.388453
-0.796112, -0.744082, -0.044246
0.510257, -0.756249, -0.973549
-0.239438, 0.811972, -0.373414
-0.822238, 0.453784, 0.429997
0.085411, -0.705292, 0.718254
0.901628, -0.910556, -0.895859
-0.78987, -0.511614, 0.733067
0.051651, 0.565908, 0.068776
-0.777029, -0.263704, -0.517961
-0.438128, 0.716384, 0.326573
-0.957985, -0.742495, 0.084903
-0.436952, -0.470053, -0.492483
-0.535718, 0.142325, 0.77708
0.800061, 0.838296, 0.024093
0.298453, 0.436188, 0.032108
0.493487, -0.248664, -0.025701
-0.468907, 0.733347, -0.108321
-0.978913, -0.825252, 0.30599
-0.910308, 0.493811, -0.857712
-0.358004, 0.43625, -0.722382
-0.205885, -0.187938, 0.076797
-0.152373, 0.504868, -0.663884
0.059238, 0.040062, 0.561631
0.923819, 0.388789, 0.021808
0.908268, 0.433707, 0.555279
-0.774625, 0.63156, 0.139965
0.521354, 0.326862, -0.82553
0.570866, 0.879299, 0.614302
0.131102, 0.697839, 0.735944
-0.284657, -0.232751, -0.270878
-0.734039, -0.88424, -0.179394
-0.920801, 0.720825, -0.41897
-0.811563, 0.835338, -0.551402
-0.205744, 0.515451, -0.653369
0.243547, 0.603298, -0.480357
-0.5847, -0.123985, -0.53912
-0.09084, -0.246182, -0.917214
-0.116838, -0.604536, 0.836655
0.588776, -0.911095, -0.644629
-0.781448, 0.713142, -0.387392
0.461627, 0.986458, -0.304181
0.771053, 0.027055, -0.339721
-0.340008, -0.018113, 0.849601
0.110267, -0.520509, 0.955248
0.86582, -0.587516, -0.175296
0.673971, 0.513304, 0.45491
-0.229737, 0.725037, 0.324681
0.587625, -0.012883, 0.905599
-0.762981, 0.975298, -0.19065
-0.459974, 0.927259, 0.610186
0.091012, -0.263687, -0.251088
-0.261964, 0.452888, 0.372517
-0.669537, 0.572349, 0.679739
-0.952074, 0.049603, -0.918666
0.400194, -0.930019, -0.632013
-0.595333, 0.922997, -0.544472
-0.460119, -0.621888, 0.061556
0.439629, -0.133298, -0.293757
-0.519673, -0.518458, -0.758737
-0.509085, 0.294354, -0.646371
0.438433, -0.200764, 0.070144
-0.7893, 0.751515, 0.703316
0.134894, -0.788851, -0.220247
-0.00496, 0.372882, -0.486503
0.900633, 0.981791, -0.820608
-0.012986, -0.483493, 0.525338
0.687033, 0.449807, 0.117476
0.393862, 0.165224, -0.472968
0.94679, -0.921524, 0.240277
0.053935, 0.01935, 0.621052
-0.69271, 0.054405, -0.930071
-0.590492, 0.999256, 0.916963
0.381152, 0.936506, 0.873676
-0.561287, -0.246176, -0.381862
0.901212, 0.741209, 0.563206
-0.012491, -0.899555, -0.88248
0.906426, -0.983172, 0.89051
0.171424, 0.6311, -0.745199
-0.394901, 0.801284, 0.940673
-0.407914, 0.091218, 0.6597
-0.35364, 0.357482, -0.89846
0.859592, 0.673368, -0.569166
-0.613035, -0.165655, 0.405148
0.980952, -0.377926, 0.171886
-0.269275, -0.330829, -0.969795
-0.352109, -0.455909, 0.658604
0.123617, -0.193466, 0.709071
0.202537, 0.315403, 0.213674
0.369037, -0.848966, 0.252547
-0.752648, 0.734057, -0.449307
-0.986016, 0.292708, 0.116497
0.863906, -0.734283, 0.061119
0.8359, 0.216644, 0.321642
-0.373347, -0.626476, -0.788777
0.258588, 0.014216, -0.016967
-0.3103, -0.158037, 0.068911
0.411853, -0.839172, -0.822011
-0.050001, 0.172774, -0.675811
-0.294811, -0.469943, 0.705471
0.517981, 0.125683, 0.343675
-0.882097, -0.140903, 0.018857
0.905233, -0.193698, -0.159025
0.271845, 0.727445, 0.868132
0.250586, -0.452342, -0.301858
-0.974096, -0.522162, 0.732432
-0.365832, 0.261088, -0.104231
-0.167018, -0.041581, -0.464172
0.834296, 0.155884, 0.69402
-0.78611, 0.757973, 0.562015
-0.723605, 0.953736, 0.462055
0.338178, -0.416755, 0.163635
0.000775, 0.662678, 0.065467
0.979438, -0.125817, -0.989198
0.775085, 0.7558, -0.968006
-0.34847, 0.555314, -0.951757
-0.720699, 0.47609, 0.21003
0.33857, -0.92838, -0.219714
-0.502924, -0.504331, 0.991801
0.979936, 0.342465, 0.244474
-0.292753, -0.138987, -0.798211
0.677, 0.200983, -0.93863
0.162905, 0.669818, -0.252846
-0.959282, -0.658317, -0.820613
-0.421034, -0.284835, 0.58956
-0.312165, -0.047463, 0.753883
-0.465742, 0.142847, 0.562838
-0.595651, -0.711037, -0.191492
-0.734783, 0.431184, -0.36969
-0.320666, -0.774721, -0.504867
0.307042, 0.776414, -0.128913
0.97055, -0.284306, 0.888433
0.663402, -0.030071, 0.830891
-0.3693, -0.143994, -0.529553
-0.478507, -0.290831, -0.240343
0.572087, -0.05972, 0.95892
-0.565925, -0.948484, 0.027696
-0.73289, -0.293753, -0.440461
0.598062, 0.563602, -0.683299
0.686554, 0.80693, -0.160417
-0.691204, 0.388563, 0.025035
-0.962457, -0.906402, -0.530769
-0.506226, 0.316367, -0.752219
0.865559, 0.637033, -0.660266
-0.50296, -0.330178, -0.502237
-0.092886, 0.626286, -0.799179
0.161194, 0.739145, -0.265581
-0.709594, 0.820036, 0.553771
-0.625821, -0.485793, 0.931352
0.281167, -0.201854, 0.84255
0.752845, 0.130029, -0.71339
0.539153, -0.561133, 0.170943
0.658446, 0.325077, -0.200208
-0.207278, -0.341292, -0.966187
-0.014337, 0.66148, 0.453313
0.162878, 0.470228, 0.908651
0.057111, -0.517778, 0.979061
-0.754555, -0.280203, 0.409191
0.814386, -0.269685, -0.647997
0.597975, 0.319713, -0.77585
0.64739, 0.624764, -0.092039
0.937899, 0.99476, -0.792716
0.27732, 0.73126, -0.098422
0.958169, -0.090105, -0.322542
-0.768092, -0.82162, -0.521421
-0.178733, -0.047006, -0.208658
-0.63937, -0.912314, -0.70974
0.779353, 0.457792, 0.003669
-0.656507, -0.623047, 0.975844
-0.217518, 0.717811, -0.850254
-0.495837, -0.534662, -0.866611
0.091602, -0.879725, 0.867286
-0.720375, 0.57056, 0.69324
0.220851, 0.640558, 0.351783
-0.45882, 0.539126, -0.517998
-0.195122, -0.777316, 0.682412
-0.791034, 0.597309, -0.953473
0.686435, 0.38108, 0.057157
-0.819301, -0.522472, -0.470175
0.175309, 0.76353, -0.952276
0.602107, 0.147424, 0.351119
-0.808009, -0.022428, 0.428413
-0.758232, -0.365133, 0.410115
-0.162451, -0.562409, 0.995584
-0.387702, 0.711959, 0.592666
-0.665501, 0.337022, -0.95709
0.397501, 0.417668, -0.876818
0.215829, 0.74615, -0.896041
-0.394656, -0.254793, 0.019214
-0.018382, 0.73138, 0.38994
0.869029, -0.617074, -0.248568
-0.918174, -0.707424, -0.645226
0.719209, -0.04909, -0.751963
-0.681026, -0.184592, -0.585933
0.144885, 0.275316, -0.157873
0.492353, -0.773502, -0.989862
0.822622, -0.618835, 0.236367
-0.459031, 0.426409, -0.894272
0.967763, 0.985792, -0.269776
-0.894977, -0.280734, -0.906532
-0.761578, 0.235653, -0.803675
-0.025511, -0.083211, 0.724934
0.993115, 0.658332, 0.402959
-0.839688, 0.546082, -0.23516
-0.522327, 0.701642, -0.298801
0.407078, 0.347581, 0.79185
0.17662, -0.629679, 0.854238
-0.00337, 0.303892, 0.98828
0.818569, 0.027723, 0.627657
0.823547, 0.740902, 0.116619
-0.228665, 0.074856, 0.252413
-0.650173, 0.340941, 0.059456
-0.34839, -0.998494, -0.846539
-0.320311, -0.245975, -0.550623
-0.416956, 0.137012, 0.327573
-0.858859, 0.508981, 0.871835
0.650705, -0.481084, 0.310208
-0.163908, 0.654352, -0.508405
-0.835548, 0.881705, 0.244063
-0.424276, 0.491209, 0.328455
0.615581, -0.307786, -0.106631
-0.996129, -0.497437, 0.127948
-0.97665, -0.891448, 0.690825
0.889613, -0.067331, -0.162778
-0.660565, -0.453734, 0.191379
-0.212171, 0.870348, 0.599523
-0.649631, -0.372739, 0.24202
0.912254, -0.578827, -0.098953
-0.934785, -0.275889, -0.974672
0.981187, 0.148135, 0.705202
-0.771058, 0.898357, 0.897053
-0.174121, 0.269765, 0.495522
0.892657, 0.034152, -0.318763
-0.4775, -0.546464, 0.556836
0.583282, 0.731216, 0.544838
-0.302214, -0.511478, -0.514465
0.947072, -0.177386, -0.128124
0.869072, -0.233612, 0.74953
0.671473, -0.378867, -0.296916
-0.232585, -0.991682, 0.863953
0.909462, -0.034531, -0.814429
-0.236236, -0.172596, 0.195536
-0.628633, -0.776414, -0.508688
0.071498, 0.892032, 0.80706
0.670714, 0.35763, -0.509831
0.671526, -0.675958, -0.129771
0.395177, 0.191427, 0.64592
0.425448, -0.288381, -0.329853
0.716075, 0.823494, -0.515117
-0.433351, -0.508626, 0.298189
-0.936538, -0.902414, -0.339283
0.08392, -0.431559, -0.006396
-0.695889, -0.660721, -0.210215
-0.639495, 0.217544, 0.997053
0.345984, 0.32813, 0.050721
0.130397, -0.891164, 0.732134
0.701343, 0.673662, -0.804567
0.622191, 0.005252, 0.34111
0.153025, -0.110516, 0.234182
0.548348, -0.89863, -0.872297
0.922273, -0.796185, -0.166167
-0.764154, 0.52926, 0.713923
0.261354, 0.933708, 0.658732
0.910918, -0.77329, -0.877692
-0.233553, 0.859728, 0.793677
0.859206, 0.999894, 0.556318
0.868902, -0.447614, -0.940186
-0.051452, -0.873655, -0.944447
0.400697, -0.097095, 0.443951
0.62892, -0.291411, 0.39532
-0.765974, -0.565671, -0.363617
-0.674463, 0.96977, -0.740356
-0.91378, 0.97694, 0.75859
-0.083391, -0.470751, -0.118608
-0.407366, -0.087131, -0.996185
-0.097541, -0.906233, 0.793478
-0.50093, 0.491667, 0.057505
-0.92325, 0.779654, 0.168241
-0.509893, 0.759475, 0.340049
-0.566216, -0.540528, 0.580719
0.002487, 0.130292, 0.872865
0.125532, -0.48245, 0.471005
0.865548, -0.250961, 0.007178
0.187703, 0.625791, 0.003264
0.422044, 0.463729, 0.911662
0.822453, -0.9198, 0.49358
0.769602, -0.613878, -0.645595
-0.563186, 0.408578, 0.963212
-0.039519, -0.702098, 0.113068
-0.237361, -0.337328, -0.519659
0.753712, -0.327375, 0.276319
-0.19417, -0.691021, 0.255984
0.07293, -0.55749, 0.661104
0.561257, 0.571328, 0.389427
0.585514, 0.475905, 0.489387
0.352289, 0.399558, 0.971496
0.46887, 0.319561, 0.551042
0.464656, -0.336658, -0.274382
0.889907, -0.227416, -0.547096
-0.040447, 0.681265, 0.479664
0.528868, 0.234706, 0.815128
0.44432, -0.370718, -0.588075
-0.499655, 0.059748, -0.022111
0.982357, -0.447441, 0.081814
0.299867, -0.434458, -0.584055
0.345438, -0.009568, -0.812492
-0.289322, -0.414009, 0.019711
-0.859879, -0.987642, -0.031022
-0.905601, 0.570715, -0.961972
-0.877489, 0.244642, 0.550519
0.360253, 0.646645, 0.292683
-0.91595, -0.023148, 0.430892
-0.258868, 0.268928, 0.555355
0.980189, 0.263129, -0.317823
0.100895, -0.807439, 0.47851
-0.55125, 0.133118, 0.33053
0.928182, -0.722346, 0.576694
0.387067, -0.44546, 0.829773
0.514949, -0.650039, 0.768029
0.32088, 0.435891, -0.47625
-0.500573, -0.977513, -0.355835
-0.910619, 0.867081, -0.30404
-0.080306, -0.399938, 0.709944
-0.640778, -0.847119, 0.607771
0.048276, -0.220764, 0.756778
0.76428, 0.702704, -0.320537
-0.277912, 0.025725, 0.594462
0.058117, 0.051266, -0.96509
-0.707414, -0.086955, 0.457323
0.811626, 0.157574, -0.458895
-0.250317, -0.532417, -0.573215
0.239465, -0.367939, -0.761281
0.992236, -0.580231, 0.858985
0.533574, 0.622179, 0.647414
0.406346, -0.776852, 0.083454
0.37448, 0.645065, 0.13115
0.731146, -0.096244, 0.923127
-0.570366, 0.118765, 0.074652
-0.034779, -0.298029, -0.07184
0.408856, -0.062651, 0.926279
-0.809995, -0.674271, -0.007812
0.679602, -0.12033, -0.289644
-0.966342, -0.098559, -0.664561
0.151221, -0.108314, 0.058251
0.442891, -0.115305, -0.030044
0.455095, 0.517901, -0.606983
-0.446254, -0.35987, -0.39283
0.3924, 0.319332, -0.270779
-0.823493, -0.455515, -0.776125
0.258736, -0.63355, -0.436808
-0.828401, 0.388687, 0.128244
0.976941, -0.928376, 0.249208
-0.518513, -0.773201, -0.523527
-0.636981, 0.791441, -0.92848
0.195815, -0.654822, -0.077023
0.262274, -0.561831, -0.324367
0.235545, -0.21683, -0.605148
0.133597, -0.714578, 0.07003
-0.872, 0.096268, 0.415166
0.29069, -0.874667, -0.745336
-0.888532, -0.190223, 0.211272
0.843838, -0.846473, 0.625356
-0.665352, 0.605542, -0.411029
-0.705479, 0.080793, 0.091192
-0.665086, -0.21452, -0.204981
0.552721, 0.515658, 0.335258
0.799391, -0.053403, 0.911558
-0.660394, 0.525163, -0.890017
0.229719, -0.346067, -0.156591
-0.830648, 0.29584, -0.618074
-0.486799, 0.899051, 0.604719
-0.559512, -0.232983, 0.512301
-0.347585, 0.757866, -0.264948
0.46646, -0.039306, -0.859178
-0.177282, -0.241587, 0.452662
0.463789, -0.775758, 0.203751
0.17308, 0.174662, 0.715854
0.697003, -0.646173, -0.729973
-0.729194, 0.428801, 0.036167
-0.681148, 0.861807, -0.112942
-0.420499, -0.410802, 0.816301
0.269286, 0.796714, -0.906105
0.324729, -0.323303, 0.605311
-0.513981, -0.769852, -0.959753
-0.504951, -0.870377, 0.373253
-0.642081, -0.884103, 0.842626
-0.570976, 0.162665, 0.009546
-0.932763, 0.294522, 0.281644
0.537477, 0.357371, -0.940176
0.701124, 0.797959, 0.552234
0.950783, 0.360172, 0.708508
-0.848789, 0.804347, -0.944879
-0.457987, -0.861391, 0.310185
-0.493058, -0.986158, -0.005739
0.873885, 0.252521, 0.185602
0.864522, -0.447285, 0.199325
-0.153504, 0.22597, 0.867834
-0.261246, 0.574374, 0.93751
-0.457454, 0.09923, -0.287668
-0.730212, -0.464382, -0.162346
0.084884, -0.418458, -0.384554
0.051613, -0.332943, 0.839214
-0.724686, -0.490452, 0.025472
0.559159, -0.603999, -0.201327
-0.374496, 0.4767, -0.360034
0.083538, -0.070284, 0.676079
-0.903709, -0.360032, -0.970412
0.481267, 0.815141, 0.360687
-0.816947, -0.590892, -0.294378
0.886879, -0.539159, 0.864458
0.405053, -0.649784, 0.403295
0.727416, -0.522803, 0.592405
0.671248, 0.25466, 0.995759
0.65136, -0.913142, -0.586155
0.304044, 0.357489, 0.211939
-0.925824, 0.215738, -0.266072
0.598608, -0.405419, -0.439429
0.931733, 0.190847, -0.170685
-0.996805, -0.866874, -0.395996
-0.099677, 0.616622, 0.938361
0.769562, -0.821275, 0.788938
0.539442, -0.022816, 0.179341
0.493696, -0.931003, 0.677348
0.03214, -0.792479, -0.279065
0.728952, -0.994174, 0.214795
0.980179, -0.062674, 0.543109
-0.569089, -0.670269, -0.468744
0.207867, 0.958296, -0.14119
-0.103107, 0.664268, 0.409601
0.653833, -0.754325, 0.218234
-0.776513, -0.483456, -0.151957
-0.725237, 0.035741, -0.281582
-0.523492, -0.18943, 0.991385
-0.164203, -0.70191, -0.301691
0.670251, -0.427738, -0.075762
0.986521, 0.369364, 0.888712
0.019187, -0.149579, 0.97579
-0.696852, -0.179886, 0.136386
-0.486117, -0.941137, -0.724872
0.062164, -0.287393, 0.560186
-0.830799, 0.917278, 0.656999
0.65924, -0.259362, -0.99145
0.31907, 0.881649, -0.916737
0.678808, -0.843087, 0.268997
0.157176, -0.997684, 0.801667
0.213433, 0.559272, -0.322158
0.865391, -0.73404, 0.231372
-0.606603, -0.181122, 0.950154
-0.644315, -0.707855, 0.637124
-0.166059, 0.326024, 0.40412
0.473094, 0.080163, -0.353122
-0.741211, -0.936912, 0.105994
-0.925354, -0.513908, 0.844379
0.569215, -0.817489, -0.619068
-0.291281, 0.441665, 0.677096
-0.109874, -0.783521, 0.709252
-0.0472, -0.071322, -0.092924
-0.969936, -0.247265, 0.957918
-0.327292, -0.763138, -0.149237
-0.654504, 0.400433, -0.182425
-0.445654, 0.764324, -0.338652
0.287529, -0.244493, 0.293566
-0.047009, -0.69829, 0.962374
0.200259, -0.817713, -0.923977
0.039803, -0.027049, 0.876316
0.690199, -0.444346, -0.690516
-0.263551, 0.835402, -0.831961
-0.333383, -0.821245, 0.959256
0.847579, 0.886677, 0.577863
-0.718718, 0.419581, 0.611043
-0.07592, -0.500228, -0.203258
-0.589586, -0.981261, -0.862907
-0.375449, -0.196284, 0.372323
-0.035657, -0.425667, -0.824792
0.085519, 0.948737, 0.036539
-0.498439, 0.374372, 0.903839
0.459264, 0.978693, 0.18884
0.529333, 0.22915, -0.437681
-0.644143, -0.045542, 0.855171
0.08867, -0.35932, 0.360146
0.489971, 0.06113, -0.240512
-0.811975, 0.978405, 0.871271
-0.292917, 0.259368, 0.465231
0.967144, 0.564778, 0.919792
-0.219341, 0.909807, 0.572869
-0.693335, 0.210508, 0.01222
0.493924, -0.613602, -0.568105
0.328343, 0.331926, -0.994029
-0.577276, -0.180068, 0.778373
-0.432255, -0.349057, -0.294143
-0.884977, -0.333235, 0.115098
0.078322, -0.169783, -0.356074
-0.090253, -0.628057, -0.568184
-0.871836, -0.767884, -0.312913
0.714071, -0.206055, -0.363875
-0.747153, -0.055118, -0.655377
0.901305, -0.674059, -0.688897
0.730178, -0.549146, -0.396729
0.138184, 0.164256, 0.536946
0.893979, -0.106377, 0.30824
-0.526832, 0.419014, -0.933942
-0.028389, -0.854741, 0.389238
0.361051, -0.683225, -0.163583
0.268437, 0.156604, 0.579851
0.493599, 0.010534, 0.127305
-0.822503, -0.843858, -0.066802
0.803913, -0.520947, -0.854774
-0.211761, -0.01864, -0.287629
-0.030547, -0.755112, -0.317072
0.867293, 0.588098, 0.558482
-0.194066, -0.154413, 0.910358
0.197362, -0.568056, -0.20528
-0.035892, 0.568317, 0.155255
0.886551, -0.425005, 0.574004
0.432995, -0.717364, 0.104652
-0.924258, 0.258399, -0.524442
-0.30397, 0.26542, -0.396974
-0.755721, -0.796151, -0.641212
-0.891914, 0.75807, 0.810875
0.624148, 0.588563, 0.507198
0.761899, -0.117304, -0.872275
0.139706, 0.082036, 0.244612
-0.07405, -0.02932, 0.797478
0.067828, -0.601619, 0.542484
0.14055, 0.194267, -0.996006
-0.656009, -0.139771, -0.149489
0.241716, 0.532741, -0.698037
-0.626831, -0.431391, -0.868156
0.375596, -0.488403, -0.990475
-0.964601, 0.191705, 0.733544
-0.094685, -0.807314, 0.869127
0.348307, 0.146789, -0.655569
0.256156, -0.507904, -0.832723
-0.635953, 0.901741, 0.022875
0.254801, 0.742198, -0.937308
-0.948971, 0.535635, 0.965591
0.909511, 0.376662, 0.244047
0.218034, 0.895377, 0.762654
-0.463348, 0.459057, -0.93991
0.78242, 0.632404, 0.517631
0.184717, 0.355558, 0.924844
0.324484, -0.333541, 0.968517
-0.087074, 0.667552, 0.320446
0.41039, 0.704784, 0.054279
-0.036434, 0.610047, -0.325161
0.135255, -0.552342, 0.134219
-0.182499, 0.104036, -0.029182
-0.768196, -0.783892, 0.840477
0.883661, 0.160798, -0.363966
0.69759, 0.51582, 0.923586
0.823968, -0.820915, -0.959839
-0.523998, 0.365433, -0.084898
0.560885, 0.410524, 0.131326
-0.405769, -0.236472, -0.290486
-0.576548, 0.014171, -0.124583
0.905789, 0.374735, -0.950715
0.349676, -0.477117, -0.269578
0.687743, 0.694548, 0.38634
-0.853, 0.991124, -0.125064
0.10509, -0.880268, -0.811173
-0.40511, 0.838942, 0.524891
0.141871, -0.751432, 0.784466
0.771313, 0.720282, 0.697314
-0.576589, -0.293172, -0.159219
0.151625, -0.348054, -0.679539
0.312152, 0.523283, -0.099746
0.142492, -0.045907, -0.936235
0.389247, 0.761857, 0.420723
0.721019, 0.586225, 0.514674
0.481836, 0.570703, 0.47803
-0.310628, -0.473917, 0.383642
0.762801, 0.316812, 0.512571
-0.912423, 0.11211, -0.221191
-0.641146, 0.805021, 0.389903
0.53322, -0.829789, 0.229544
-0.234113, 0.596874, 0.714523
0.447357, 0.137393, -0.455225
0.233771, -0.698249, -0.823137
0.786463, -0.237635, -0.962538
0.857426, -0.25952, -0.456164
-0.121975, -0.224695, -0.861426
-0.990206, -0.381661, -0.713769
-0.502712, 0.071923, 0.305613
0.77062, -0.548109, 0.992121
-0.213325, 0.139667, 0.16649
0.017829, 0.403573, -0.277437
-0.963482, 0.839471, 0.084455
-0.557091, -0.608601, 0.355594
0.341111, -0.520144, -0.5489
-0.524554, 0.692037, -0.623582
0.09793, -0.796362, -0.59645
-0.132505, -0.53046, -0.532064
-0.049478, -0.585744, -0.705899
0.58776, -0.441629, -0.76783
0.116458, 0.753711, -0.084107
0.442451, 0.578708, 0.502471
0.520823, 0.136546, 0.727494
0.852501, -0.297504, 0.725521
-0.855899, -0.341271, -0.926011
0.017186, 0.221598, 0.319471
-0.081054, -0.279703, -0.342456
0.180443, 0.236605, -0.809875
0.194718, 0.350858, 0.064837
0.854496, -0.648757, 0.15005
-0.172381, -0.931692, -0.059853
-0.803112, -0.507942, -0.044753
-0.849824, -0.568108, 0.673451
0.643971, -0.437003, 0.630077
0.019218, -0.966364, -0.176027
0.46675, 0.991467, -0.389954
0.37122, 0.029371, -0.634463
-0.063382, 0.71752, -0.716369
-0.474654, 0.158288, -0.703736
0.180939, -0.408109, -0.253673
-0.199903, 0.94075, 0.847755
0.738773, -0.835965, -0.062215
0.680218, -0.031638, -0.3891
0.826449, 0.596482, 0.412446
-0.226623, 0.705641, 0.41279
-0.496182, 0.130751, -0.434567
0.501409, -0.869978, -0.296464
0.444318, 0.571312, 0.087403
0.63823, -0.475561, 0.448328
-0.72142, -0.179723, -0.972731
-0.134531, 0.826055, 0.908669
0.809615, -0.562979, 0.857129
-0.281054, -0.100202, 0.526186
-0.752509, -0.820935, -0.429526
0.821123, 0.147646, 0.14402
0.801845, 0.326543, -0.313248
0.784941, 0.250988, 0.100246
-0.20198, 0.260129, 0.185826
-0.518844, 0.49092, -0.936785
0.479971, 0.233004, 0.823645
-0.755091, 0.849181, 0.395397
0.343195, 0.128921, 0.423782
0.310664, 0.029284, 0.835359
0.290515, 0.271715, -0.11148
0.313231, -0.23828, -0.749573
-0.453299, -0.716255, -0.794051
-0.488103, 0.173446, -0.249697
-0.642821, 0.940851, -0.288807
-0.01547, -0.434618, -0.927641
-0.446357, -0.617636, 0.580106
0.945763, 0.479442, -0.440008
-0.610337, -0.65828, 0.474281
-0.8054, -0.692127, 0.788479
0.986699, 0.458552, 0.617118
0.764575, -0.768097, 0.261012
-0.627674, 0.419355, -0.08654
-0.65297, -0.778882, 0.383202
-0.245616, -0.522079, -0.03156
-0.214437, -0.563927, 0.621049
-0.120093, 0.331134, -0.189356
-0.486365, -0.862264, 0.135408
0.531602, 0.260166, -0.603552
0.993311, -0.886734, -0.094365
-0.309768, -0.741136, 0.238179
-0.461737, -0.876934, -0.075092
-0.338728, 0.736587, -0.88861
0.519689, -0.65633, -0.574234
0.714758, 0.355678, 0.349727
-0.090697, -0.697074, 0.034289
0.423016, 0.353074, 0.160536
0.458495, 0.398446, -0.848639
-0.711513, 0.626673, -0.77269
0.905825, -0.933671, -0.043563
0.569999, 0.373666, 0.566636
0.982242, 0.808479, -0.620733
-0.77604, 0.183619, 0.781302
0.884953, 0.600236, 0.697159
0.469281, -0.738346, 0.226697
0.877722, -0.50294, 0.116965
0.409642, 0.779718, 0.057652
0.345146, -0.660248, -0.648377
0.083262, -0.630956, -0.507805
0.502916, -0.093754, 0.113508
-0.629308, 0.07752, 0.493111
-0.046275, -0.281387, -0.12937
0.396712, -0.471897, 0.578183
0.555505, 0.71348, 0.264535
0.470072, -0.832903, 0.686926
-0.428969, 0.868666, 0.315507
0.16906, 0.286383, -0.957875
-0.352388, 0.725977, -0.732724
-0.649899, -0.397258, -0.113016
-0.474775, -0.849083, -0.926794
-0.86327, 0.181181, -0.623059
0.811882, 0.547815, -0.815167
-0.991576, -0.433029, -0.737016
0.466907, 0.079113, -0.324275
0.846618, 0.624033, -0.017444
-0.205319, -0.512485, 0.392436
0.982213, 0.356217, -0.797745
-0.498013, 0.763435, -0.677306
-0.946852, -0.238368, -0.940141
0.247091, -0.527722, 0.072419
0.251072, 0.788347, 0.955108
-0.798304, -0.277026, 0.011251
-0.497813, -0.607496, -0.767682
0.291075, 0.30935, 0.032524
-0.858106, -0.225296, -0.944619
-0.538843, 0.540299, 0.139856
-0.185663, -0.658809, -0.689713
0.534473, 0.886837, 0.244004
-0.379799, 0.166571, -0.907809
0.34868, -0.891711, -0.772308
-0.22449, 0.64221, 0.257308
0.525941, 0.722903, 0.919706
0.551184, 0.287052, 0.188345
0.030056, 0.515889, -0.352911
-0.404093, -0.108244, -0.955374
0.880287, -0.234798, -0.289942
-0.144281, -0.436661, 0.454549
-0.340361, -0.608985, 0.414075
-0.863374, 0.568738, -0.723348
0.258401, -0.61421, 0.046294
0.401209, -0.067752, -0.517444
-0.252431, 0.460149, -0.713729
0.062016, 0.242109, 0.293178
-0.477906, 0.092214, -0.074864
-0.403239, 0.040231, -0.404609
0.827542, 0.650428, 0.683018
-0.098085, -0.621546, 0.707528
0.190601, 0.970841, -0.500601
-0.100377, -0.002307, -0.533538
-0.2372, 0.836126, -0.195863
-0.526331, -0.320523, -0.721349
-0.163395, -0.44216, -0.898041
0.976472, 0.974947, 0.028742
-0.821393, -0.843751, 0.594392
0.467132, 0.574328, 0.488049
0.884452, -0.748113, -0.574857
-0.825034, -0.64488, 0.794502
0.028954, -0.796359, 0.713189
-0.780823, -0.266034, 0.442364
-0.208795, -0.913617, -0.022628
0.982547, 0.185058, 0.273517
0.965776, 0.703535, 0.32076
-0.945957, 0.716255, 0.53675
0.360061, 0.597243, -0.890196
0.863052, -0.195513, 0.563349
0.547875, -0.652569, -0.634648
0.078727, 0.11318, 0.88028
0.088481, 0.317025, 0.382295
0.493818, 0.100495, 0.241139
-0.85228, -0.911985, 0.507435
0.730566, 0.528229, -0.612294
-0.992922, 0.018076, 0.649973
0.576535, 0.828947, 0.717554
0.76394, -0.154371, -0.720245
0.336907, 0.077343, -0.525842
0.768058, -0.316477, 0.065989
0.141114, 0.43427, 0.415748
-0.458584, 0.936231, -0.31812
-0.236273, -0.91616, 0.643387
0.241282, -0.682965, 0.261341
-0.889948, 0.415068, -0.242602
-0.435221, 0.205078, 0.395148
-0.01225, 0.557725, 0.300365
-0.843405, -0.335024, -0.461189
-0.787865, 0.34709, 0.340105
0.366772, 0.233732, -0.110264
-0.519341, -0.857597, 0.793698
-0.943596, -0.329688, 0.589217
-0.619377, -0.286397, -0.632939
-0.310241, -0.290437, -0.561049
0.102534, 0.004018, 0.118958
-0.88852, -0.556494, 0.068216
0.642892, 0.554295, 0.147194
0.718266, -0.062116, -0.090384
0.977121, -0.372866, 0.087463
-0.218985, 0.89635, -0.008105
-0.456546, -0.195441, -0.933391
-0.529581, -0.763344, -0.663028
-0.223228, 0.719634, -0.53087
0.47258, -0.956675, -0.210837
-0.993541, -0.844349, 0.468927
0.138658, -0.327254, 0.202943
0.159467, -0.517845, -0.757541
-0.092575, -0.151294, -0.530764
0.326658, 0.726757, -0.885581
-0.741526, 0.938259, -0.482676
0.618473, -0.491536, 0.513423
0.821191, 0.179762, 0.020352
0.434225, 0.877507, -0.692539
0.040812, -0.705672, -0.231439
0.698549, 0.255408, -0.863476
-0.519711, -0.775879, 0.375995
0.046754, 0.500322, -0.175778
0.021058, -0.995104, -0.397957
-0.901618, 0.100765, -0.089404
-0.014122, -0.475576, -0.182459
-0.91951, -0.013238, 0.484573
0.085707, -0.596656, 0.025643
0.86152, 0.860767, 0.891699
-0.145946, 0.014075, -0.402394
-0.272529, -0.665659, 0.181984
-0.831479, 0.737973, 0.080849
-0.939108, -0.995067, 0.487291
0.553696, -0.51671, 0.812129
-0.212024, -0.128899, -0.10631
-0.264062, 0.604877, -0.742389
-0.463495, -0.236601, -0.217124
0.958853, -0.094342, -0.798947
0.79994, -0.84433, -0.12966
0.804695, 0.24107, 0.502775
-0.328301, -0.223703, 0.420431
-0.941345, -0.463885, 0.188411
-0.937884, 0.586265, 0.257992
-0.53217, 0.233277, -0.357655
-0.597547, -0.344443, 0.459111
-0.598171, 0.909378, 0.040328
0.379158, 0.892506, -0.340341
0.670436, 0.234758, -0.31121
0.431749, 0.859988, 0.394001
-0.389108, 0.444559, 0.671022
-0.650788, 0.441614, -0.747048
0.502608, -0.825112, 0.557764
-0.650001, -0.979493, 0.149419
0.56557, -0.935783, 0.971494
-0.498907, 0.466728, -0.768418
0.289518, -0.357197, -0.59073
0.956311, 0.530113, 0.616758
-0.261875, 0.687322, -0.703856
0.494198, 0.128113, -0.111431
0.308571, 0.725648, 0.492793
-0.120869, -0.013209, 0.580379
0.920378, -0.495483, -0.876295
-0.031989, 0.074109, -0.623957
-0.811323, -0.337405, 0.300253
0.042377, -0.537029, -0.706869
0.01674, 0.869307, 0.480742
-0.094522, -0.450898, -0.581796
0.779052, -0.573867, -0.127974
0.921003, -0.814081, 0.727089
-0.447001, -0.813831, 0.755638
0.416615, -0.787674, -0.581006
0.563992, 0.362639, -0.817054
0.27683, 0.242787, 0.207841
0.326342, -0.560951, -0.563315
0.997626, 0.827451, -0.370135
0.072003, -0.417077, 0.813337
-0.722091, 0.77245, 0.602884
-0.480601, -0.030175, -0.297691
-0.627612, -0.211962, 0.636027
-0.567055, 0.148678, 0.184064
-0.60346, -0.397487, -0.935869
0.643688, -0.654527, -0.155715
0.859035, 0.178719, 0.534812
-0.942415, 0.846191, 0.67385
0.687956, 0.48721, 0.922152
0.522737, -0.267645, -0.494209
0.48025, -0.911679, 0.481303
-0.40833, -0.029699, 0.422525
-0.808231, -0.58178, 0.859387
0.1278, -0.985699, -0.754918
-0.269074, -0.742577, 0.182065
-0.253132, 0.989473, 0.585182
0.884031, 0.140897, 0.242412
-0.40175, -0.310784, 0.419329
-0.728144, 0.510962, -0.110651
0.708877, -0.986606, 0.301063
0.123525, -0.722918, 0.424605
0.930655, 0.692427, -0.870318
0.211502, 0.790206, 0.741228
-0.075317, 0.430333, -0.12733
0.819655, 0.696182, -0.306632
-0.807533, 0.548785, 0.952875
0.368922, 0.759489, 0.062888
0.354446, -0.541584, 0.104235
0.454319, 0.673298, 0.50227
0.271012, 0.706171, -0.5698
0.224067, -0.179142, 0.131629
0.023299, -0.196395, 0.528291
0.104824, -0.05361, -0.818728
0.665818, -0.556993, -0.846887
-0.698182, -0.419312, -0.158244
-0.214063, 0.851424, -0.580248
0.311871, -0.63956, -0.932816
-0.127651, -0.746332, -0.000603
-0.793773, -0.295396, -0.749872
0.652496, 0.31817, -0.21785
0.950147, 0.032336, -0.837139
-0.597077, 0.883303, -0.267293
-0.644372, 0.201331, -0.032828
-0.410566, -0.860613, 0.17336
-0.745368, 0.157644, -0.141149
0.851206, 0.219048, 0.719822
0.839726, 0.375044, 0.542633
-0.256984, 0.051213, -0.165461
-0.922583, -0.88865, 0.958362
-0.038118, -0.650144, -0.973271
-0.279374, -0.458426, -0.923637
0.801201, -0.635343, 0.961956
0.120023, -0.812348, 0.431601
0.080368, 0.220062, 0.292813
-0.844482, -0.896661, -0.568125
-0.430903, -0.119056, 0.231947
0.715187, 0.502701, -0.472117
-0.101448, 0.896906, 0.41517
0.277102, 0.273437, -0.744367
0.130073, -0.760989, 0.823304
0.72267, -0.467547, -0.524821
-0.344381, 0.132227, -0.413562
0.35971, 0.081388, 0.462598
0.186795, 0.770322, -0.46833
0.515855, 0.886199, 0.036448
-0.804954, 0.925236, -0.137083
0.155078, -0.936796, -0.580712
-0.030503, -0.36737, 0.30042
-0.907073, 0.088315, 0.856595
0.513304, 0.295434, 0.614394
-0.013742, 0.909824, 0.994932
0.150505, 0.972858, 0.128487
0.464764, 0.306842, 0.393772
-0.054928, 0.114924, 0.303875
-0.129425, -0.721008, -0.623032
0.842272, -0.816637, 0.374696
-0.651043, 0.843569, 0.816735
-0.296964, -0.713823, 0.660816
0.593071, 0.558855, 0.416626
-0.152414, -0.746648, -0.318262
0.709705, 0.031882, 0.615989
0.017689, -0.908511, 0.168236
-0.325558, -0.632697, -0.406795
0.034019, -0.890337, -0.671764
0.696164, 0.444979, 0.982782
0.594892, -0.838904, 0.295322
-0.963374, -0.268078, -0.422898
0.175193, -0.340167, -0.74223
-0.747316, 0.365986, -0.327292
0.957338, 0.129733, -0.128587
0.836673, -0.307522, -0.264004
-0.536749, -0.231084, -0.359729
-0.744936, -0.517217, -0.885334
0.349304, 0.78084, 0.731003
-0.525098, -0.469988, 0.933515
0.701057, -0.200674, -0.28116
-0.272665, 0.471849, 0.620136
-0.123033, 0.212105, -0.967836
-0.535379, -0.329315, 0.99512
0.752417, -0.827831, -0.783664
0.395484, -0.151815, 0.773523
0.802249, -0.389308, 0.943139
0.879279, -0.636841, -0.272987
-0.208591, 0.651648, -0.867365
-0.525888, 0.463892, 0.842226
0.901965, -0.285826, 0.655997
-0.134925, -0.023379, -0.180644
-0.603497, -0.719439, -0.725907
-0.04839, 0.977114, -0.749646
-0.061271, 0.25569, -0.659612
0.022443, 0.008839, 0.472457
0.893267, 0.344932, 0.704075
0.55144, -0.367263, -0.565128
-0.838194, -0.690833, 0.962514
0.284941, -0.954355, -0.073074
-0.620755, 0.361111, -0.746396
0.454507, -0.86388, -0.404959
-0.030381, -0.517943, -0.914017
-0.091842, -0.516226, 0.256217
-0.578157, 0.417414, 0.46742
-0.55179, 0.974836, 0.5799
-0.057035, 0.708751, -0.971229
-0.114658, -0.253842, -0.897133
0.995865, 0.893841, 0.845308
0.111801, -0.003942, -0.087796
0.33761, -0.46016, 0.12112
-0.500064, -0.874078, 0.71486
-0.401231, -0.870459, 0.451498
0.818268, 0.567106, -0.488446
0.973914, -0.223208, 0.213797
0.636669, -0.223978, 0.340338
-0.213318, -0.795509, 0.718341
-0.111838, 0.02641, 0.630121
-0.871454, 0.103448, -0.687738
-0.053153, 0.239303, -0.942848
0.061449, 0.247154, 0.644387
-0.52368, 0.163652, -0.066958
0.167795, -0.66043, -0.549983
-0.74245, 0.412789, 0.842381
0.01163, 0.878353, -0.903124
-0.534821, 0.563828, -0.607853
0.541663, 0.394993, 0.477665
-0.245104, 0.595077, -0.474033
0.262718, -0.731092, -0.335318
-0.556608, 0.257787, 0.937673
-0.669326, 0.221679, 0.867992
0.967464, -0.934909, -0.732134
0.762622, -0.644124, -0.201887
0.667123, -0.488369, -0.431029
-0.825525, 0.475231, 0.406331
-0.692306, -0.421699, 0.408912
0.751274, 0.755567, 0.352874
0.42241, -0.663003, -0.740311
-0.056478, -0.992462, -0.991472
-0.160993, -0.857187, -0.266179
0.301481, 0.524323, 0.430447
-0.367756, -0.221543, -0.818123
-0.308941, -0.4958, 0.392108
-0.475706, 0.606786, -0.454108
-0.931166, -0.5289, 0.847675
-0.596946, -0.83253, -0.89298
-0.069099, -0.064653, 0.003966
-0.958572, 0.311262, 0.951731
0.309105, -0.41645, 0.102419
-0.259072, 0.439613, 0.975286
0.105632, 0.054347, 0.948117
-0.443197, -0.587617, -0.130195
-0.226832, 0.15033, -0.385548
-0.601221, 0.775668, -0.757565
-0.127604, -0.30882, 0.029898
-0.75709, 0.340192, -0.380797
0.510361, -0.806219, 0.450677
0.487246, 0.827115, -0.717183
0.010611, 0.160821, -0.862255
-0.791524, 0.965115, -0.743925
-0.597409, 0.094929, -0.351672
-0.254248, -0.897651, -0.207181
0.443345, 0.460399, 0.007248
0.950961, -0.65812, 0.012282
-0.494492, -0.827827, -0.916411
0.169922, 0.373299, 0.346142
0.575992, 0.291272, 0.176137
-0.520328, -0.654008, -0.296801
-0.558719, 0.815348, 0.76753
-0.712157, -0.378451, -0.158963
0.936311, -0.231338, -0.286446
0.450361, -0.215694, -0.274795
0.438332, -0.785872, 0.630382
0.572002, -0.477023, 0.518951
-0.224129, -0.264259, -0.080414
-0.845321, 0.280456, 0.052808
-0.368265, 0.970513, 0.185394
-0.245429, -0.072392, -0.181967
0.632712, -0.20142, 0.927558
-0.467541, 0.819582, 0.426588
0.322871, 0.861665, 0.497884
-0.758822, -0.088015, -0.741809
-0.672659, 0.073387, 0.644044
-0.432499, 0.255299, -0.537577
0.906272, -0.120828, -0.633686
0.961519, -0.263979, -0.074808
-0.507928, 0.752775, -0.415485
-0.705612, -0.461582, 0.644791
-0.807325, -0.05024, 0.886612
0.346504, 0.784309, -0.993379
-0.098526, -0.078719, 0.35132
0.883481, 0.870753, -0.167222
0.924753, -0.240366, -0.012374
0.290652, -0.069738, 0.29518
0.814874, 0.048068, -0.405296
-0.921253, -0.431951, -0.245714
-0.504474, -0.780314, 0.56026
0.330608, -0.826315, -0.71041
0.955335, -0.682812, -0.134274
0.521499, 0.087406, 0.559932
0.760983, 0.160505, -0.892781
-0.548473, 0.925112, -0.592
-0.451765, -0.837788, -0.141405
-0.048717, -0.063445, -0.122052
-0.685411, -0.818837, -0.65847
0.947324, -0.800269, -0.53092
0.349857, 0.97834, -0.642315
-0.776247, -0.162009, -0.240275
-0.637887, 0.793502, 0.668243
-0.075348, 0.040855, 0.496081
-0.560111, -0.465555, -0.334041
0.700537, -0.328529, -0.7708
-0.062493, 0.944893, -0.674739
0.962281, -0.524209, -0.962423
0.548191, -0.708828, 0.576428
0.396946, 0.141623, -0.7174
0.079725, 0.934375, -0.889475
0.542425, -0.385523, 0.877387
0.547538, -0.899508, 0.244244
0.504552, -0.069807, -0.532027
0.195868, 0.805966, -0.06928
0.346272, 0.215168, 0.192692
-0.078515, 0.961549, -0.857732
0.418243, 0.54422, -0.840367
0.956128, -0.057992, 0.101726
0.004566, 0.918795, -0.462273
-0.691316, 0.664809, -0.632924
0.550055, 0.920951, 0.486464
-0.101075, -0.111198, -0.851173
0.785074, -0.201187, 0.989864
0.338662, -0.98188, 0.590944
0.297096, 0.007554, 0.914942
-0.837278, -0.765498, 0.34717
-0.478886, 0.582769, -0.20933
-0.080353, -0.826187, -0.984402
-0.056385, -0.14084, 0.337256
0.59444, -0.248478, 0.859939
0.869196, 0.576802, -0.940027
-0.345389, -0.844284, -0.895549
-0.704487, 0.220076, 0.842834
-0.031715, 0.493723, -0.883612
-0.39191, 0.498015, 0.170593
0.721019, -0.010692, 0.675397
-0.824572, 0.527447, 0.436251
-0.886258, 0.393276, 0.897106
-0.940465, 0.550143, 0.254015
0.791662, 0.597013, -0.369615
-0.891211, -0.87165, -0.38885
-0.215835, 0.026045, 0.334626
-0.511142, -0.688062, -0.039931
0.753152, -0.367466, 0.09016
0.128269, -0.395679, -0.717657
0.585336, -0.022028, 0.281015
0.733004, 0.55841, -0.800936
-0.858232, 0.428739, -0.084555
-0.282961, -0.561176, -0.732981
-0.800336, -0.762244, -0.290649
0.554236, 0.4263, -0.866387
0.441908, -0.117055, -0.744473
-0.64151, 0.25761, 0.836369
0.202788, 0.202615, -0.284042
0.097163, 0.194001, -0.409645
-0.242138, -0.72011, -0.422467
-0.555201, 0.162632, 0.545356
0.714955, 0.633292, -0.223883
-0.940294, -0.852635, -0.497381
-0.170288, 0.378954, -0.979096
-0.857747, -0.964491, -0.92404
-0.640102, -0.047603, 0.808961
0.873262, -0.673091, 0.184293
-0.418919, -0.741901, 0.647054
-0.439291, 0.83257, 0.609399
-0.528405, 0.468758, 0.004068
0.701698, 0.523722, -0.924576
-0.976509, 0.371462, -0.474754
0.90346, -0.457369, 0.898346
0.726738, 0.239923, 0.59177
-0.777944, -0.836362, -0.664476
0.4879, -0.324588, 0.165049
-0.785121, -0.992845, 0.37334
0.20244, -0.213612, 0.420264
0.409554, -0.645865, 0.149085
0.399541, -0.598883, 0.607356
-0.969922, -0.369162, 0.453259
-0.626127, -0.461687, -0.828741
-0.269454, 0.334616, -0.705677
0.860711, 0.364928, 0.210219
-0.571635, -0.897209, 0.787564
-0.536025, 0.299648, 0.505714
0.708585, -0.408923, -0.528558
0.286589, 0.505995, -0.559121
0.962349, -0.733023, -0.96866
-0.50354, 0.853213, 0.165543
0.33372, -0.018667, -0.251366
-0.104667, 0.272741, 0.453181
-0.998262, 0.133098, -0.439383
-0.251157, -0.822056, 0.820842
0.96963, 0.329623, -0.350632
-0.210029, -0.760696, -0.108734
-0.716328, -0.299355, 0.015264
0.380182, 0.241672, 0.536998
0.195072, -0.74908, 0.509844
-0.933868, 0.698787, -0.662391
0.916572, 0.880359, -0.286217
0.951863, -0.034489, -0.514562
-0.069906, 0.078737, -0.680474
-0.558994, 0.223789, -0.023654
0.710531, -0.23868, -0.131296
0.247517, -0.674065, 0.998685
-0.126448, -0.677856, -0.999821
-0.868305, 0.971586, 0.347994
0.836968, -0.599283, 0.344606
-0.322328, -0.896792, 0.870029
0.266442, 0.652051, -0.831006
-0.079662, 0.78805, 0.557291
0.628228, -0.936082, 0.358373
-0.788034, 0.937601, -0.335131
-0.637769, 0.201973, 0.799708
-0.518991, 0.20732, 0.244829
0.24902, 0.644938, -0.604705
0.651377, 0.50084, 0.703714
-0.003448, 0.72512, 0.010997
-0.908899, 0.567181, -0.456644
-0.774374, -0.535365, 0.037363
0.633856, 0.753332, -0.10648
0.153873, 0.054041, 0.033038
0.323768, 0.929916, -0.75524
0.605029, -0.322975, -0.375343
-0.930028, -0.447901, -0.90204
0.045886, 0.375933, -0.029598
0.008926, 0.67305, -0.023327
-0.230391, 0.916522, 0.976581
0.324174, -0.24635, -0.552361
-0.315786, -0.89335, -0.009393
-0.328677, 0.446025, 0.41816
-0.739615, 0.371943, 0.896909
0.664968, -0.312619, 0.484827
-0.45288, -0.328895, -0.113838
0.543499, -0.656316, -0.800157
-0.896829, -0.031147, 0.510065
0.218807, 0.929817, -0.26422
-0.346839, -0.410595, 0.756967
0.157494, -0.641734, -0.999009
-0.937743, -0.794829, -0.132875
0.062031, 0.871021, -0.52031
